w0
1,1,1,1,1,1,1,1
a0.43
sFading Intro Bells
sOpening Piano thingy yeah that
1,0,1,1,0,1,1,1
w0.17341040462427743
1,1,1,1,1,0,1,1
w0.17341040462427748
0,1,1,1,1,1,0,1
w0.17341040462427748
1,1,1,1,1,0,1,1
w0.17341040462427748
1,1,1,0,1,0,1,0
w0.17341040462427748
1,1,1,1,1,0,1,0
w0.17341040462427726
1,1,0,1,1,0,0,1
w0.17341040462427748
1,1,1,1,1,0,1,0
w0.17341040462427748
1,0,1,1,0,1,1,1
w0.17341040462427748
1,1,1,1,1,0,1,1
w0.17341040462427748
0,1,1,1,1,1,0,1
w0.17341040462427726
1,1,1,1,1,1,1,0
w0.1734104046242777
1,1,1,0,1,1,1,0
w0.17341040462427726
1,1,1,1,1,1,0,0
w0.1734104046242777
1,1,0,1,1,0,1,0
w0.17341040462427726
1,1,1,1,1,1,0,0
w0.08670520231213885
1,1,1,1,1,1,1,1
w0.08670520231213885
1,0,1,1,1,1,0,0
w0.17341040462427726
1,1,1,1,1,1,0,0
w0.1734104046242777
1,1,1,1,1,0,0,1
w0.17341040462427726
1,1,1,1,0,1,0,1
w0.5202312138728322
1,1,1,1,1,1,1,1
w0.3468208092485545
1,1,1,1,0,1,1,1
w0.1734104046242777
1,1,1,1,0,0,1,1
w0.1734104046242777
1,1,1,1,0,1,0,1
w0.1734104046242777
1,1,1,1,0,1,1,0
w0.17341040462427681
1,1,1,1,1,0,0,1
w0.3468208092485545
1,1,1,1,1,0,1,0
w0.26011560693641744
1,1,1,1,1,0,1,1
w0.08670520231213796
1,0,1,1,1,1,0,1
w0.1734104046242777
1,1,1,1,0,1,0,1
w0.1734104046242777
0,1,1,1,1,0,0,1
w0.17341040462427681
1,1,1,1,1,1,0,0
w0.1734104046242777
1,1,1,0,1,1,0,0
w0.08670520231213885
1,1,1,0,1,1,1,0
w0.08670520231213885
1,1,1,1,1,1,0,0
w0.17341040462427681
1,1,0,1,1,0,1,0
w0.1734104046242777
1,1,1,1,1,1,0,0
w0.08670520231213885
1,1,1,1,0,1,0,1
w0.043352601156069426
1,1,1,1,1,0,0,1
w0.043352601156069426
1,0,1,1,0,1,1,0
w0.1734104046242777
1,1,1,1,1,0,1,0
w0.17341040462427681
0,1,1,1,1,1,0,1
w0.1734104046242777
1,1,1,1,1,0,1,0
w0.1734104046242777
1,1,1,0,1,0,1,0
w0.1734104046242777
1,1,1,1,0,1,1,0
w0.1734104046242777
1,1,0,1,0,1,1,0
w0.1734104046242777
1,1,1,1,0,1,1,0
w0.08670520231213885
1,1,1,1,1,1,1,0
w0.04335260115606765
1,1,1,1,1,0,1,0
w0.043352601156069426
1,0,1,1,0,1,0,1
w0.1734104046242777
1,1,1,1,1,0,0,1
w0.1734104046242777
1,1,1,1,1,1,0,1
w0.08670520231213885
1,1,1,1,1,1,1,1
w0.08670520231213885
1,1,1,1,1,1,0,0
w0.1734104046242777
1,1,1,1,1,0,1,0
w0.08670520231213885
1,1,1,1,1,1,1,0
w0.08670520231213885
1,1,1,1,1,0,1,0
w0.1734104046242777
1,1,1,1,0,1,1,0
w0.08670520231213885
1,1,1,1,1,1,1,0
w0.08670520231213708
1,1,1,1,0,1,1,0
w0.1734104046242777
1,1,1,1,1,0,0,1
w1.3872832369942198
1,1,1,1,1,0,1,0
a12.915549132947977
sFading Intro Bells
sFushigi da ne ima no kimochi
sSora kara futte kita mitai
1,0,1,1,0,1,0,1
w0.17786127167630106
1,1,1,1,0,1,0,1
w0.1734104046242777
0,1,1,1,1,0,1,0
w0.1734104046242777
1,1,1,1,0,1,0,1
w0.17341040462427593
1,1,1,0,0,1,0,1
w0.1734104046242777
1,1,1,1,1,0,0,1
w0.08670520231213885
1,1,1,1,1,1,0,1
w0.08670520231213885
1,1,0,1,1,0,1,0
w0.1734104046242777
1,1,1,1,0,1,0,1
w0.1734104046242777
1,0,1,1,0,1,0,1
w0.1734104046242777
1,1,1,1,0,0,0,1
w0.08670520231213885
1,1,1,1,0,0,1,1
w0.08670520231213885
0,1,1,1,1,1,0,1
w0.1734104046242777
1,1,1,1,1,1,0,0
w0.17341040462427593
1,1,1,0,1,0,1,0
w0.1734104046242777
1,1,1,1,1,0,1,0
w0.1734104046242777
1,1,0,1,0,1,0,1
w0.1734104046242777
1,1,1,1,0,1,0,1
w0.1734104046242777
1,0,1,1,1,0,1,1
w0.1734104046242777
1,1,1,1,1,0,1,1
w0.17341040462427593
1,1,1,1,1,1,0,0
w0.08670520231213885
1,1,1,1,1,1,1,0
w0.08670520231213885
1,1,1,1,1,1,0,0
w0.9537572254335274
1,1,1,1,1,1,0,1
w0.08670520231213885
1,1,1,1,1,1,0,0
w0.1734104046242777
1,1,1,1,1,0,0,1
w0.1734104046242777
1,1,1,1,0,1,0,1
w0.17341040462427415
1,1,1,1,1,0,1,0
w0.0867052023121424
1,1,1,1,1,0,1,1
w0.08670520231213885
1,1,1,1,1,0,1,0
w0.1734104046242777
1,1,1,1,1,0,0,1
w0.08670520231213885
1,1,1,1,1,0,1,1
w0.0867052023121353
1,1,1,1,1,0,0,1
w0.1734104046242777
1,0,1,1,0,1,0,1
w0.08670520231213885
1,0,1,1,1,1,0,1
w0.08670520231213885
1,1,1,1,0,1,0,1
w0.08670520231213885
1,1,1,1,0,1,1,1
w0.08670520231213885
0,1,1,1,1,0,0,1
w0.08670520231213885
0,1,1,1,1,1,0,1
w0.08670520231213885
1,1,1,1,1,0,1,0
w0.1734104046242777
1,1,1,0,1,0,1,0
w0.1734104046242777
1,1,1,1,0,1,0,1
w0.1734104046242777
1,1,0,1,1,0,0,1
w0.1734104046242777
1,1,1,1,1,0,1,0
w0.08670520231213885
1,1,1,1,1,0,1,1
w0.08670520231213885
1,0,1,1,1,0,1,0
w0.1734104046242777
1,1,1,1,1,0,1,0
w0.08670520231213885
1,1,1,1,1,1,1,0
w0.0867052023121353
0,1,1,1,1,0,0,1
w0.08670520231213885
0,1,1,1,1,0,1,1
w0.08670520231213885
1,1,1,1,0,1,0,1
w0.1734104046242777
1,1,1,0,0,1,0,1
w0.1734104046242777
1,1,1,1,1,0,1,0
w0.1734104046242777
1,1,0,1,1,0,1,0
w0.08670520231213885
1,1,0,1,1,0,1,1
w0.08670520231213885
1,1,1,1,1,1,0,0
w0.1734104046242777
1,0,1,1,0,1,0,1
w0.08670520231213885
1,0,1,1,1,1,0,1
w0.08670520231213885
1,1,1,1,0,1,0,1
w0.1734104046242777
1,1,1,1,1,0,0,1
w0.1734104046242777
1,1,1,1,1,1,0,0
w0.1734104046242777
1,1,1,1,0,1,0,1
w0.08670520231213885
1,1,1,1,1,1,0,1
w0.08670520231213885
1,1,1,1,0,1,0,1
w0.1734104046242777
1,1,1,1,1,0,0,1
w0.1734104046242777
1,1,1,1,1,1,0,0
w0.0867052023121353
1,1,1,1,1,1,1,0
a22.63
sFlash
0,0,0,0,0,1,0,1
w0.08670520231213885
1,1,1,1,1,1,1,1
w0.08670520231213885
0,0,0,0,0,1,0,1
w0.08670520231213885
1,1,1,1,1,1,1,1
w0.43352601156069426
0,0,0,0,1,0,1,0
w0.08670520231213885
1,1,1,1,1,1,1,1
w0.08670520231213885
0,0,0,0,1,0,1,0
w0.08670520231213885
1,1,1,1,1,1,1,1
a24.0
sBass Washer
sTokubetsu na kisetsu no iro ga tokimeki o miseru yo
1,0,0,0,0,1,0,1
w0.08670520231213885
1,0,1,0,0,1,0,1
w0.08670520231213885
0,1,0,1,0,1,0,1
w0.1734104046242777
0,0,1,0,1,0,1,0
w0.08670520231213885
1,0,1,0,1,0,1,0
w0.08670520231213885
0,1,0,1,0,1,0,1
w0.1734104046242777
1,0,0,0,0,1,0,1
w0.08670520231213885
1,0,1,0,0,1,0,1
w0.08670520231213885
0,1,0,1,1,0,0,1
w0.1734104046242777
0,0,1,0,0,1,1,0
w0.08670520231213885
1,0,1,0,0,1,1,0
w0.08670520231213885
0,1,0,1,1,0,0,0
w0.17341040462427415
1,0,0,0,1,1,0,0
w0.08670520231213885
1,0,1,0,1,1,0,0
w0.08670520231213885
0,1,0,1,1,1,0,0
w0.0867052023121424
0,1,0,1,1,1,1,0
w0.0867052023121353
0,0,1,0,1,0,0,1
w0.08670520231213885
1,0,1,0,1,0,0,1
w0.08670520231213885
0,1,0,1,1,1,0,0
w0.1734104046242777
1,0,0,0,1,0,1,0
w0.08670520231213885
1,0,1,0,1,0,1,0
w0.08670520231213885
0,1,0,1,1,0,0,1
w0.1734104046242777
0,0,1,0,0,1,0,1
w0.08670520231213885
1,0,1,0,0,1,0,1
w0.08670520231213885
0,1,0,1,0,1,1,1
w0.08670520231213885
0,1,0,1,1,1,1,1
w0.08670520231213885
1,0,0,0,0,1,1,0
w0.08670520231213885
1,0,1,0,0,1,1,0
w0.08670520231213885
0,1,0,1,0,1,1,0
w0.1734104046242777
0,0,1,0,1,0,0,1
w0.08670520231213885
1,0,1,0,1,0,0,1
w0.08670520231213885
0,1,0,1,1,0,0,1
w0.08670520231213885
0,1,0,1,1,0,1,1
w0.08670520231213885
1,0,0,0,1,1,0,0
w0.08670520231213885
1,0,1,0,1,1,0,0
w0.0867052023121353
0,1,0,1,1,1,0,0
w0.1734104046242777
0,0,1,0,0,0,1,1
w0.08670520231213885
1,0,1,0,0,0,1,1
w0.08670520231213885
0,1,0,1,0,0,1,1
w0.1734104046242777
1,0,0,0,1,0,1,1
w0.08670520231213885
1,0,1,0,1,0,1,1
w0.08670520231213885
0,1,0,1,1,0,1,0
w0.1734104046242777
0,0,1,0,1,0,1,0
w0.08670520231213885
1,0,1,0,1,0,1,0
w0.08670520231213885
0,1,0,1,1,0,0,1
w0.1734104046242777
1,0,0,0,1,0,0,1
w0.08670520231213885
1,0,1,0,1,0,0,1
w0.08670520231213885
0,1,0,1,0,0,1,1
w0.17341040462427415
0,0,1,0,0,1,1,1
w0.0867052023121424
1,0,1,0,0,1,1,1
w0.08670520231213885
0,1,0,1,1,1,1,1
w0.1734104046242777
1,0,0,0,0,0,1,1
w0.08670520231213885
1,0,1,0,0,0,1,1
w0.08670520231213885
0,1,0,1,0,0,1,1
w0.1734104046242777
0,0,1,0,1,0,1,1
w0.08670520231213885
1,0,1,0,1,1,1,1
w0.08670520231213885
0,1,0,1,1,0,1,1
w0.1734104046242777
1,0,0,0,1,0,1,1
w0.08670520231213885
1,0,1,0,1,0,1,1
w0.08670520231213885
0,1,0,1,0,1,0,1
w0.17341040462427415
0,0,1,0,1,0,0,1
w0.08670520231213885
1,0,1,0,1,0,0,1
w0.08670520231213885
0,1,0,1,1,0,1,0
w0.1734104046242777
1,0,0,0,1,1,0,0
w0.08670520231213885
1,0,1,0,1,1,0,0
w0.08670520231213885
0,1,0,1,1,1,0,0
w0.1734104046242777
0,0,1,0,0,1,1,1
w0.08670520231213885
1,0,1,0,0,1,1,1
w0.08670520231213885
0,1,0,1,1,1,0,1
w0.1734104046242777
1,0,0,0,1,0,0,1
w0.08670520231213885
1,0,1,0,1,0,0,1
w0.08670520231213885
0,1,0,1,0,0,1,1
w0.1734104046242777
0,0,1,0,0,1,1,1
w0.0867052023121353
1,0,1,0,1,1,1,1
w0.08670520231213885
0,1,0,1,0,1,1,1
a32.323
sBass Washer Addendum
1,0,1,0,0,1,1,0
w0.1734104046242777
1,1,1,1,0,1,1,0
w0.1734104046242777
0,1,0,1,0,1,1,0
w0.1734104046242777
1,1,1,1,0,1,0,1
w0.1734104046242777
1,0,1,0,0,1,0,1
w0.1734104046242777
1,1,1,1,0,1,1,0
w0.1734104046242777
0,1,0,1,0,1,1,0
w0.1734104046242777
1,1,1,1,0,1,1,0
w0.08740462427745399
1,1,1,1,0,1,1,1
w0.08600578034682371
1,0,1,0,1,0,1,0
w0.1734104046242777
1,1,1,1,1,0,1,0
w0.1734104046242777
0,1,0,1,1,0,1,0
w0.1734104046242777
1,1,1,0,0,1,0,1
w0.08670520231213885
0,1,1,1,0,1,0,1
w0.08670520231213885
1,0,1,1,0,1,0,1
w0.1734104046242777
0,1,1,1,1,1,1,1
w0.1734104046242706
1,1,1,0,1,1,1,1
w0.1734104046242777
1,1,0,1,1,1,1,1
a35.09756647398844
sBuildup Drums
sHajimete deatta toki kara
sbp-bbp! bpb-bp!
1,0,1,0,0,1,1,1
w0.17384393063584014
1,1,1,1,0,1,1,1
w0.1734104046242777
1,1,1,1,0,0,1,1
w0.1734104046242777
1,0,1,0,0,0,1,1
w0.1734104046242777
0,1,0,1,0,1,0,1
w0.1734104046242777
1,1,1,1,0,1,0,1
w0.08670520231213885
1,1,1,1,1,1,0,1
w0.08670520231213885
1,1,1,1,0,0,1,1
w0.1734104046242777
1,0,1,0,0,1,1,0
w0.1734104046242777
1,1,1,1,1,0,1,0
w0.3468208092485554
1,0,1,0,1,0,1,0
w0.1734104046242777
1,1,1,1,0,1,1,0
w0.1734104046242777
0,1,0,1,0,1,1,0
w0.1734104046242777
1,0,1,0,1,0,1,0
w0.08670520231213885
1,1,1,1,1,0,1,0
w0.08670520231213885
1,0,1,0,1,0,1,1
w0.1734104046242777
1,1,1,1,1,1,1,1
w0.1734104046242706
1,0,1,0,0,1,1,1
w0.1734104046242777
1,1,1,1,0,1,1,1
w0.1734104046242777
1,1,1,1,1,0,1,1
w0.1734104046242777
1,0,1,0,1,0,1,1
w0.08670520231213885
1,0,1,0,1,1,1,1
w0.08670520231213885
0,1,0,1,1,0,0,1
w0.1734104046242777
1,1,1,1,1,0,0,1
w0.08670520231213885
1,1,1,1,1,1,0,1
w0.08670520231213885
1,1,1,1,1,0,1,1
w0.1734104046242777
1,0,1,0,1,1,1,0
w0.1734104046242777
1,1,1,1,1,0,1,0
w0.1734104046242777
0,1,0,1,1,0,0,1
w0.08670520231213885
0,1,0,1,1,1,0,1
w0.08670520231213885
1,1,1,1,1,0,1,1
w0.1734104046242777
1,0,1,0,1,1,0,1
w0.1734104046242777
0,1,0,1,1,0,0,1
w0.1734104046242777
1,1,1,1,1,0,0,1
w0.1734104046242777
1,0,1,0,1,1,1,1
w0.1734104046242777
1,1,1,1,1,1,1,1
a40.647
sYokan ni sawagu kokoro no Melody
1,0,1,0,1,0,1,0
w0.1735433526011576
1,1,1,1,1,0,1,0
w0.1732774566473978
0,1,0,1,0,1,1,0
w0.1734104046242777
1,1,1,1,0,1,0,1
w0.1734104046242777
1,0,1,0,1,0,0,1
w0.08683815028901876
1,1,1,1,1,0,0,1
w0.08657225433525895
1,0,1,0,0,0,1,1
w0.1734104046242777
0,1,0,1,1,1,0,0
w0.1735433526011576
1,1,1,1,1,1,0,0
w0.08657225433525895
1,1,1,1,1,1,1,0
w0.08670520231213885
1,0,1,0,1,0,0,1
w0.1735433526011576
1,1,1,1,1,0,0,1
w0.1732774566473978
0,1,0,1,1,0,1,0
w0.1734104046242777
1,0,1,0,0,1,0,1
w0.1735433526011505
1,1,1,1,0,1,0,1
w0.1732774566474049
1,0,1,0,1,0,0,1
w0.1734104046242777
0,1,0,1,1,0,1,1
w0.1734104046242777
1,1,1,1,1,1,1,1
w0.1734104046242706
1,0,1,0,1,0,1,0
w0.1735433526011576
1,1,1,1,1,0,1,0
w0.1732774566473978
0,1,0,1,0,1,1,0
w0.1734104046242777
1,1,1,1,0,1,0,1
w0.1734104046242777
1,0,1,0,1,0,0,1
w0.08683815028901876
1,1,1,1,1,0,0,1
w0.08657225433525895
1,0,1,0,1,0,1,0
w0.1734104046242777
0,1,0,1,1,1,0,0
w0.1735433526011576
1,1,1,1,1,1,0,0
w0.08657225433525895
1,1,1,1,1,1,0,1
w0.08670520231213885
1,0,1,0,1,0,1,0
w0.1735433526011576
1,1,1,1,1,0,1,0
w0.1732774566473978
0,1,0,1,1,0,0,1
w0.08670520231213885
0,1,0,1,1,1,0,1
w0.08670520231213885
1,0,1,0,0,0,1,1
w0.1735433526011576
1,1,1,1,0,0,1,1
w0.1732774566473978
1,0,1,0,1,0,0,1
w0.1734104046242777
0,1,0,1,1,1,0,1
w0.1734104046242777
1,1,1,1,1,1,1,1
a46.196
sTomerarenai tomaranai na-ze
smassive glissando incoming WEE WOO
1,0,1,0,1,0,0,1
w0.1736763005780375
1,1,1,1,1,0,0,1
w0.1731445086705179
0,1,0,1,0,1,0,1
w0.1736763005780375
1,1,1,1,0,1,0,1
w0.1731445086705179
1,0,1,0,1,0,0,1
w0.08670520231213885
1,1,1,1,1,0,1,1
w0.08670520231213885
1,0,1,0,1,0,0,1
w0.08670520231213885
1,0,1,0,1,1,0,1
w0.08670520231213885
0,1,0,1,0,0,1,1
w0.08670520231213885
0,1,0,1,0,1,1,1
w0.08670520231213885
1,1,1,1,1,0,0,1
w0.08670520231213885
1,1,1,1,1,1,0,1
w0.08670520231213885
1,0,1,0,1,0,0,1
w0.1734104046242777
1,1,1,1,1,0,1,1
w0.1734104046242777
0,1,0,1,1,0,0,1
w0.1734104046242777
1,0,1,0,1,1,0,0
w0.1734104046242777
1,1,1,1,1,0,1,0
w0.1734104046242777
1,0,1,0,0,0,1,1
w0.1734104046242777
0,1,0,1,0,1,0,1
w0.1734104046242777
1,1,1,1,1,1,1,0
w0.1734104046242706
0,1,0,1,0,1,0,0
w0.1734104046242777
1,0,1,1,1,1,1,0
w0.1734104046242777
0,1,0,1,0,1,0,0
w0.1734104046242777
1,1,1,0,1,1,1,0
w0.1734104046242777
0,1,0,1,0,1,0,0
w0.1734104046242777
1,0,1,1,1,0,1,0
w0.1734104046242777
0,1,0,1,0,1,0,1
w0.1734104046242777
1,1,1,0,1,0,1,1
w0.08670520231213885
1,1,1,1,1,1,1,1
w0.08670520231213885
0,0,0,0,0,0,0,0
w0.08670520231213885
1,1,1,1,1,0,1,0
w0.08670520231213885
0,0,0,0,0,0,0,0
w0.08670520231213885
1,1,1,1,1,0,1,0
w0.26011560693641655
1,1,1,1,0,1,0,1
w0.1734104046242777
1,1,1,0,0,1,0,0
w0.04335260115606587
1,1,1,0,1,1,0,0
w0.04335260115607298
1,1,0,1,1,1,0,1
w0.08670520231213885
1,0,1,1,1,0,1,1
w0.08670520231213885
0,1,1,1,0,1,1,1
w0.08670520231213885
1,1,1,0,1,1,1,0
w0.08670520231213885
1,1,0,1,1,1,0,1
w0.08670520231213885
1,0,1,1,1,0,1,1
w0.08670520231213885
0,1,1,1,0,1,1,1
a51.745
sSnow Drums (bp-bbp bpb-bp)
sTodokete. Setsunasa ni wa...
1,0,1,0,1,0,1,1
w0.1734104046242777
1,1,1,1,1,0,1,1
w0.1734104046242777
0,1,0,1,0,1,1,1
w0.1734104046242777
1,1,1,1,0,1,1,1
w0.1734104046242777
1,0,1,0,1,1,1,0
w0.08670520231213885
1,1,1,1,1,1,1,0
w0.08670520231213885
1,0,1,0,1,1,1,0
w0.1734104046242777
0,1,0,1,1,0,1,1
w0.1734104046242777
1,1,1,1,1,1,0,1
w0.1734104046242777
1,0,1,0,1,0,0,1
w0.1734104046242777
1,1,1,1,1,0,1,1
w0.1734104046242777
0,1,0,1,1,1,1,0
w0.1734104046242777
1,0,1,0,1,1,1,0
w0.1734104046242777
1,1,1,1,1,1,0,1
w0.1734104046242777
1,0,1,0,1,1,0,1
w0.1734104046242706
0,1,0,1,1,0,1,1
w0.1734104046242777
1,1,1,1,1,0,1,1
a54.519566473988434
sSnow Drums (bp-bbp bp-alt)
1,0,1,0,1,1,0,0
w0.17384393063584724
1,1,1,1,1,1,0,0
w0.17297687861270816
0,1,0,1,1,0,1,1
w0.1734104046242777
1,1,1,1,0,1,0,1
w0.17384393063584724
1,0,1,0,0,1,0,1
w0.08670520231213885
1,1,1,1,0,1,0,1
w0.08627167630056931
1,0,1,0,0,1,1,1
w0.17384393063584724
0,1,0,1,0,1,1,1
w0.1734104046242777
1,1,1,1,0,1,1,1
w0.17297687861270816
1,0,1,0,0,1,1,0
w0.1734104046242777
1,1,1,1,0,0,1,1
w0.1734104046242777
0,1,0,1,0,1,0,1
w0.1734104046242777
1,1,1,0,0,1,1,0
w0.08713872832370839
1,0,1,1,0,1,1,0
w0.08627167630056931
1,1,1,0,1,1,0,1
w0.1734104046242777
1,0,1,1,0,1,1,1
w0.1734104046242777
0,1,0,1,1,0,1,1
w0.1734104046242777
1,0,1,0,1,1,0,1
w0.08713872832370129
1,1,1,1,1,1,0,1
a57.294
sSnow Drums (bp-bbp bpb-bp)
snamae o tsukeyou ka 「Snow halation」
1,0,1,0,1,1,1,0
w0.1734104046242777
1,1,1,1,1,1,1,0
w0.1734104046242777
0,1,0,1,0,1,1,1
w0.1734104046242777
1,1,1,1,0,1,0,1
w0.1734104046242777
1,0,1,0,1,1,0,0
w0.08670520231213885
1,1,1,1,1,1,0,0
w0.08670520231213885
1,0,1,0,1,1,0,0
w0.1734104046242777
0,1,0,1,1,0,1,1
w0.1734104046242777
1,1,1,1,1,1,0,1
w0.1734104046242777
1,0,1,0,1,1,0,0
w0.1734104046242777
1,1,1,1,1,1,0,0
w0.1734104046242777
0,1,0,1,1,1,0,1
w0.1734104046242777
1,0,1,0,1,0,0,1
w0.1734104046242777
1,1,1,1,1,0,1,1
w0.1734104046242777
1,0,1,0,1,0,1,1
w0.1734104046242777
0,1,0,1,0,1,1,1
w0.1734104046242777
1,1,1,1,1,0,1,1
w0.08670520231213885
1,1,1,1,1,1,1,1
a60.068
sSnow Drums (bp-bbp bp-flash)
1,0,1,0,1,0,0,1
w0.1734104046242777
1,1,1,1,1,0,0,1
w0.1734104046242777
0,1,0,1,1,1,0,1
w0.1734104046242777
1,1,1,1,1,1,0,0
w0.1734104046242777
1,0,1,0,1,0,1,0
w0.08670520231213885
1,1,1,1,1,0,1,0
w0.08670520231213885
1,0,1,0,1,0,1,0
w0.1734104046242777
0,1,0,1,1,1,1,1
w0.1734104046242777
1,1,1,1,1,1,0,1
w0.1734104046242777
0,0,0,0,1,0,1,0
w0.08670520231213885
1,1,1,1,1,1,1,0
w0.08670520231213885
0,0,0,0,1,0,1,0
w0.08670520231213885
1,1,1,1,1,1,1,0
w0.08727167630057409
1,1,1,1,1,1,0,1
w0.1734104046242777
1,1,1,1,1,0,1,1
w0.17284393063584247
0,0,0,0,0,0,1,1
w0.08670520231213885
1,1,1,1,1,0,1,1
w0.08670520231213885
0,0,0,0,0,1,1,1
w0.08670520231213885
1,1,1,1,1,1,1,1
w0.4340924855491295
1,1,1,1,1,1,1,1
a62.88
sOmoi ga kasanaru made...
sSnow Drums (bp-bbp bpb-bp)
1,0,1,0,1,0,1,1
w0.1734104046242777
1,1,1,1,1,0,1,1
w0.1734104046242777
0,1,0,1,0,1,1,1
w0.1734104046242777
1,1,1,1,0,1,0,1
w0.1734104046242777
1,0,1,0,1,1,0,0
w0.08670520231213885
1,1,1,1,1,1,0,0
w0.08670520231213885
1,0,1,0,1,1,1,0
w0.1734104046242777
0,1,0,1,0,0,1,1
w0.1734104046242706
1,1,1,1,0,1,0,1
w0.1734104046242777
1,0,1,0,1,0,0,1
w0.1734104046242777
1,1,1,1,1,0,1,1
w0.1734104046242777
0,1,0,1,1,1,1,0
w0.1734104046242777
1,0,1,0,1,0,1,0
w0.1734104046242777
1,1,1,1,1,0,0,1
w0.1734104046242777
1,0,1,0,1,1,0,1
w0.1734104046242777
0,1,0,1,0,0,1,1
w0.1734104046242777
1,1,1,1,0,0,1,1
a65.65
sSnow Drums (bp-bbp bp-alt)
1,0,1,0,1,1,0,0
w0.1734104046242777
1,1,1,1,1,1,0,0
w0.1734104046242777
0,1,0,1,1,0,1,1
w0.1734104046242777
1,1,1,1,0,1,0,1
w0.1734104046242777
1,0,1,0,0,1,0,1
w0.08670520231213175
1,1,1,1,0,1,0,1
w0.08670520231214596
1,0,1,0,0,1,1,1
w0.1734104046242777
0,1,0,1,0,1,0,1
w0.1734104046242777
1,1,1,1,0,1,0,1
w0.1734104046242777
1,0,1,0,0,1,1,0
w0.1734104046242777
1,1,1,1,0,1,1,0
w0.1734104046242777
0,1,0,1,0,1,0,1
w0.1734104046242777
1,1,1,0,0,1,0,1
w0.08670520231213175
1,0,1,1,0,1,0,1
w0.08670520231213175
1,1,1,0,1,0,1,1
w0.17341040462429191
1,0,1,1,1,0,1,1
w0.1734104046242777
0,1,0,1,0,1,1,1
w0.1734104046242777
1,0,1,0,0,1,1,1
w0.08670520231213175
1,1,1,1,0,1,1,1
a68.42
sSnow Drums (bp-bbp bpb-bp)
smatezu ni kuyashii kedo sukitte junjou
1,0,1,0,1,1,1,0
w0.1734104046242777
1,1,1,1,1,1,1,0
w0.08670520231213175
1,1,1,1,1,1,1,1
w0.08670520231214596
0,1,0,1,0,1,1,0
w0.1734104046242777
1,1,1,1,0,1,0,1
w0.1734104046242777
1,0,1,0,1,1,0,0
w0.08670520231213175
1,1,1,1,1,1,0,0
w0.08670520231214596
1,0,1,0,1,1,0,0
w0.1734104046242777
0,1,0,1,0,0,1,1
w0.1734104046242777
1,1,1,1,1,1,0,0
w0.1734104046242777
1,0,1,0,1,0,0,1
w0.1734104046242777
1,1,1,1,1,0,0,1
w0.1734104046242777
0,1,0,1,1,0,0,1
w0.1734104046242777
1,0,1,0,1,1,0,0
w0.1734104046242777
1,1,1,1,1,1,1,0
w0.1734104046242777
1,0,1,0,1,1,0,1
w0.1734104046242777
0,1,0,1,0,1,0,1
w0.1734104046242777
1,1,1,1,1,0,1,1
a71.19456647398844
sSnow Drums (bp-bbp bbpb-bp)
1,0,1,0,1,1,0,0
w0.1788439306358356
1,1,1,1,1,1,0,0
w0.16797687861271982
0,1,0,1,1,1,0,1
w0.1734104046242777
1,1,1,1,1,0,1,0
w0.08670520231213175
1,1,1,1,1,1,1,0
w0.08670520231214596
1,0,1,0,1,0,1,0
w0.09213872832368963
1,1,1,1,1,0,1,0
w0.08127167630058807
1,0,1,0,1,0,0,1
w0.08670520231213175
1,0,1,0,1,1,0,1
w0.08670520231214596
0,1,0,1,1,0,1,1
w0.1734104046242777
1,1,1,1,0,1,0,1
w0.1734104046242777
1,0,1,0,1,0,1,0
w0.09213872832368963
1,1,1,1,1,0,1,0
w0.08670520231214596
1,0,1,0,1,0,1,0
w0.16797687861271982
0,1,0,1,1,1,0,1
w0.1734104046242777
1,0,1,0,0,0,1,1
w0.1788439306358356
1,1,1,1,0,0,1,1
w0.08127167630057386
1,1,1,1,0,1,1,1
w0.08670520231214596
1,0,1,0,1,0,0,1
w0.1734104046242635
0,1,0,1,1,1,0,0
w0.09213872832370384
0,1,1,1,1,1,0,0
w0.08127167630058807
1,1,0,1,1,1,1,0
w0.08670520231211754
0,1,1,1,1,1,1,1
a73.97
sBinetsu no naka tameratte mo dame da ne
sSnow Drumpfs- err I meant Snow Drums (b-bp alt)
1,0,1,0,1,1,1,0
w0.1734104046242777
1,1,1,1,1,1,1,0
w0.1734104046242777
1,1,1,1,0,1,1,1
w0.1734104046242777
1,0,1,0,0,1,1,0
w0.1734104046242777
0,1,0,1,1,0,1,0
w0.1734104046242777
1,1,1,1,0,0,1,1
w0.1734104046242777
1,1,1,1,0,1,0,1
w0.1734104046242777
1,0,1,0,1,1,0,1
w0.1734104046242777
1,1,1,1,1,0,1,0
w0.1734104046242777
0,1,0,1,1,0,1,0
w0.1734104046242777
1,1,1,1,1,1,0,1
w0.1734104046242777
1,0,1,0,1,0,1,0
w0.1734104046242777
0,1,0,1,1,0,1,0
w0.1734104046242777
1,1,1,1,1,0,0,1
w0.1734104046242777
1,0,1,0,1,0,0,1
w0.1734104046242777
1,1,1,1,1,0,1,1
w0.1734104046242777
1,0,1,0,1,1,0,1
w0.1734104046242777
1,1,1,1,1,1,0,1
w0.1734104046242777
1,1,1,1,1,0,1,1
w0.08670520231213175
1,1,1,1,1,1,1,1
w0.08670520231214596
1,0,1,0,1,0,1,0
w0.1734104046242777
0,1,0,1,1,1,0,0
w0.1734104046242777
1,1,1,1,1,0,0,1
w0.1734104046242777
1,1,1,1,0,0,1,1
w0.08670520231213175
1,1,1,1,1,0,1,1
w0.08670520231214596
1,0,1,0,0,1,1,1
w0.08670520231213175
1,0,1,0,1,1,1,1
w0.08670520231214596
1,1,1,1,0,0,1,1
w0.1734104046242777
0,1,0,1,0,1,1,0
w0.1734104046242777
1,1,1,1,1,0,1,1
w0.1734104046242777
1,0,1,0,0,1,0,1
w0.1734104046242777
0,1,0,1,0,1,0,1
w0.1734104046242777
1,1,1,1,1,1,0,1
w0.1734104046242777
1,0,1,0,1,1,0,1
w0.1734104046242777
1,1,1,1,1,1,1,1
a79.519
sTobikomu yuuki ni sansei mamonaku Start!!
1,0,1,0,0,1,1,1
w0.1735433526011434
1,1,1,1,0,1,1,1
w0.08657225433526605
1,1,1,1,1,1,1,1
w0.08670520231214596
1,1,1,1,0,1,1,1
w0.1734104046242777
1,0,1,0,0,0,1,1
w0.1734104046242777
0,1,0,1,0,1,0,1
w0.1734104046242777
1,1,1,1,1,0,1,0
w0.3468208092485554
1,0,1,0,1,1,0,1
w0.1734104046242777
1,1,1,1,1,0,0,1
w0.1735433526011434
0,1,0,1,1,0,0,1
w0.08657225433526605
0,1,0,1,1,0,1,1
w0.08670520231214596
1,1,1,1,1,1,0,1
w0.1734104046242777
1,0,1,0,0,0,1,1
w0.1735433526011434
0,1,0,1,0,0,1,1
w0.173277456647412
1,1,1,1,1,1,0,0
w0.1735433526011434
1,0,1,0,1,1,0,0
w0.08657225433526605
1,0,1,0,1,1,1,0
w0.08670520231214596
1,1,1,1,1,1,0,1
a82.29
sTambourine break lolololol
1,0,1,1,1,0,0,0
w0.08670520231213175
0,1,0,1,1,0,0,0
w0.08670520231213175
1,1,1,0,1,0,0,0
w0.08670520231214596
0,1,0,1,1,0,0,0
w0.08670520231213175
1,0,1,1,1,0,0,0
w0.08670520231214596
0,1,0,1,1,0,0,0
w0.08670520231213175
1,1,1,0,1,0,0,0
w0.08670520231214596
0,1,0,1,1,0,0,0
w0.08670520231213175
1,0,1,1,1,0,0,0
w0.08670520231214596
0,1,0,1,1,0,0,0
w0.08670520231213175
1,1,1,0,1,0,0,0
w0.08670520231214596
0,1,0,1,1,0,0,0
w0.08670520231213175
1,0,1,1,1,0,0,0
w0.08670520231214596
0,1,0,1,1,0,0,0
w0.08670520231213175
1,1,1,0,1,0,0,0
w0.08670520231214596
0,1,0,1,1,0,1,0
w0.08670520231213175
1,0,1,1,0,1,0,1
w0.08670520231214596
0,1,0,1,0,1,0,1
w0.08670520231213175
1,1,1,0,0,1,0,1
w0.08670520231214596
0,1,0,1,1,1,0,1
w0.08670520231213175
1,0,1,1,1,1,1,1
w0.08670520231214596
0,1,0,1,1,1,1,1
w0.08670520231213175
1,1,1,0,0,1,1,1
w0.08670520231214596
0,1,0,1,0,1,1,1
a84.37092485549132
sSmol Flash
0,0,0,0,1,0,1,0
w0.08678034682080238
1,1,1,1,1,1,1,0
w0.08670520231214596
0,0,0,0,0,1,0,1
w0.08670520231213175
1,1,1,1,1,1,0,1
w0.09019653179191778
1,1,1,1,1,0,1,1
w0.1734104046242777
1,1,1,1,1,1,0,1
a85.06
sSnow Drums (bp-bbp bpb-bp)
1,0,1,0,0,1,0,1
w0.1734104046242777
1,1,1,1,0,1,0,1
w0.1734104046242777
0,1,0,1,1,1,0,1
w0.1734104046242777
1,1,1,1,1,0,0,1
w0.1734104046242777
1,0,1,0,1,0,0,1
w0.08670520231213175
1,1,1,1,1,0,0,1
w0.08670520231214596
1,0,1,0,1,1,0,1
w0.1734104046242777
0,1,0,1,1,1,0,1
w0.1734104046242777
1,1,1,1,1,1,0,1
w0.1734104046242777
1,0,1,0,0,1,0,1
w0.1734104046242777
1,1,1,1,0,1,0,1
w0.1734104046242777
0,1,0,1,1,1,0,1
w0.1734104046242777
1,0,1,0,1,0,0,1
w0.1734104046242777
1,1,1,1,1,0,0,1
w0.1734104046242777
1,0,1,0,1,1,0,1
w0.1734104046242777
0,1,0,1,1,1,0,1
w0.1734104046242777
1,1,1,1,1,1,0,1
a87.834
sSnow Drums (bp-bbp bp-alt)
1,0,1,0,1,0,0,1
w0.1734104046242777
1,1,1,1,1,0,0,1
w0.1734104046242777
0,1,0,1,1,1,0,1
w0.1734104046242777
1,1,1,1,0,1,0,0
w0.1734104046242777
1,0,1,0,0,1,0,0
w0.08670520231213175
1,1,1,1,0,1,0,0
w0.08670520231214596
1,0,1,0,1,0,0,1
w0.1734104046242777
0,1,0,1,1,0,0,1
w0.1734104046242777
1,1,1,1,1,1,0,1
w0.1734104046242777
1,0,1,0,1,1,1,0
w0.1734104046242777
1,1,1,1,0,1,1,1
w0.1734104046242777
0,1,0,1,1,0,1,1
w0.1734104046242777
1,1,1,0,1,1,0,1
w0.08670520231213175
1,0,1,1,1,1,0,1
w0.08670520231213175
1,1,1,0,1,1,1,0
w0.17341040462429191
1,0,1,1,0,1,1,1
w0.1734104046242777
0,1,0,1,1,0,1,1
w0.1734104046242777
1,0,1,0,1,1,0,1
w0.08670520231213175
1,1,1,1,1,1,0,1
a90.61
sSnow Drums (bp-bbp bpb-bp)
1,0,1,0,0,1,1,0
w0.1734104046242777
1,1,1,1,0,1,1,0
w0.1734104046242777
0,1,0,1,1,1,1,1
w0.1734104046242777
1,1,1,1,1,0,0,1
w0.1734104046242777
1,0,1,0,1,0,0,1
w0.08670520231213175
1,1,1,1,1,0,0,1
w0.08670520231214596
1,0,1,0,1,1,1,1
w0.1734104046242777
0,1,0,1,1,1,1,1
w0.1734104046242777
1,1,1,1,1,1,1,1
w0.1734104046242777
1,0,1,0,0,1,0,1
w0.1734104046242777
1,1,1,1,0,1,0,1
w0.1734104046242777
0,1,0,1,1,1,1,1
w0.1734104046242777
1,0,1,0,1,0,0,1
w0.1734104046242777
1,1,1,1,1,0,0,1
w0.1734104046242777
1,0,1,0,1,1,1,1
w0.1734104046242777
0,1,0,1,1,0,1,1
w0.1734104046242777
1,1,1,1,1,0,1,1
w0.09397109826589656
1,1,1,1,1,1,1,1
a93.384
sSnow Drums (bp-bbp bp-flash)
1,0,1,0,0,0,1,1
w0.1734104046242777
1,1,1,1,0,0,1,1
w0.1734104046242777
0,1,0,1,1,1,1,1
w0.1734104046242777
1,1,1,1,1,0,1,0
w0.1734104046242777
1,0,1,0,1,0,1,0
w0.08670520231213175
1,1,1,1,1,0,1,0
w0.08670520231214596
1,0,1,0,1,1,1,1
w0.1734104046242777
0,1,0,1,1,1,0,1
w0.1734104046242777
1,1,1,1,1,1,0,1
w0.09453757225432469
1,1,1,1,1,1,1,1
w0.07887283236995302
0,0,0,0,0,1,0,1
w0.08670520231213175
1,1,1,1,1,1,1,1
w0.08670520231214596
0,0,0,0,0,1,0,1
w0.08670520231213175
1,1,1,1,1,1,1,1
w0.43352601156070136
0,0,0,0,0,1,0,1
w0.08670520231213175
1,1,1,1,1,1,1,1
w0.08670520231214596
0,0,0,0,1,0,1,0
w0.08670520231213175
1,1,1,1,1,1,1,1
a96.16
sFading Intro Bells
sOto mo naku kehai mo naku
sShizuka ni unmei wa kawaru
1,0,1,1,0,1,0,1
w0.1734104046242777
1,1,1,1,0,1,0,1
w0.1734104046242777
0,1,1,1,1,0,1,0
w0.1734104046242777
1,1,1,1,0,1,0,1
w0.1734104046242777
1,1,1,0,0,1,0,1
w0.1734104046242777
1,1,1,1,1,0,0,1
w0.08670520231213175
1,1,1,1,1,1,0,1
w0.08670520231214596
1,1,0,1,1,0,1,0
w0.1734104046242777
1,1,1,1,0,1,0,1
w0.1734104046242777
1,0,1,1,0,1,0,1
w0.1734104046242777
1,1,1,1,0,0,0,1
w0.08670520231213175
1,1,1,1,0,0,1,1
w0.08670520231214596
0,1,1,1,1,1,0,1
w0.1734104046242777
1,1,1,1,1,1,0,0
w0.1734104046242777
1,1,1,0,1,0,1,0
w0.1734104046242777
1,1,1,1,1,0,1,0
w0.1734104046242777
1,1,0,1,0,1,0,1
w0.1734104046242777
1,1,1,1,0,1,0,1
w0.1734104046242777
1,0,1,1,1,0,1,1
w0.1734104046242777
1,1,1,1,1,0,1,1
w0.1734104046242777
1,1,1,1,1,1,0,0
w0.08670520231213175
1,1,1,1,1,1,1,0
w0.08670520231214596
1,1,1,1,1,1,0,0
w0.9537572254335203
1,1,1,1,1,1,0,1
w0.08670520231214596
1,1,1,1,1,1,0,0
w0.1734104046242777
1,1,1,1,1,0,0,1
w0.1734104046242777
1,1,1,1,0,1,0,1
w0.1734104046242777
1,1,1,1,1,0,1,0
w0.08670520231213175
1,1,1,1,1,0,1,1
w0.08670520231213175
1,1,1,1,1,0,1,0
w0.1734104046242777
1,1,1,1,1,0,0,1
w0.08670520231214596
1,1,1,1,1,0,1,1
w0.08670520231213175
1,1,1,1,1,0,0,1
w0.1734104046242777
1,0,1,1,0,1,0,1
w0.08670520231213175
1,0,1,1,1,1,0,1
w0.08670520231214596
1,1,1,1,0,1,0,1
w0.08670520231213175
1,1,1,1,0,1,1,1
w0.08670520231214596
0,1,1,1,1,0,0,1
w0.08670520231213175
0,1,1,1,1,1,0,1
w0.08670520231214596
1,1,1,1,1,0,1,0
w0.1734104046242777
1,1,1,0,1,0,1,0
w0.1734104046242777
1,1,1,1,0,1,0,1
w0.1734104046242777
1,1,0,1,1,0,0,1
w0.1734104046242777
1,1,1,1,1,0,1,0
w0.08670520231213175
1,1,1,1,1,0,1,1
w0.08670520231214596
1,0,1,1,1,0,1,0
w0.1734104046242777
1,1,1,1,1,0,1,0
w0.08670520231213175
1,1,1,1,1,1,1,0
w0.08670520231214596
0,1,1,1,1,0,0,1
w0.08670520231213175
0,1,1,1,1,0,1,1
w0.08670520231214596
1,1,1,1,0,1,0,1
w0.1734104046242777
1,1,1,0,0,1,0,1
w0.1734104046242777
1,1,1,1,1,0,1,0
w0.1734104046242777
1,1,0,1,1,0,1,0
w0.1734104046242777
1,1,1,1,1,1,0,0
w0.08670520231213175
1,1,1,1,1,1,0,1
w0.08670520231214596
1,0,1,1,1,1,0,0
w0.08670520231213175
1,0,1,1,1,1,0,1
w0.08670520231214596
1,1,1,1,1,1,0,0
w0.1734104046242777
1,1,1,1,1,0,0,1
w0.1734104046242777
1,1,1,1,0,1,0,1
w0.1734104046242777
1,1,1,1,1,1,0,1
w0.6069364161849649
1,1,1,1,1,1,1,1
w0.08670520231214596
1,1,1,1,1,1,1,0
w0.1734104046242777
1,1,1,1,1,1,0,1
w0.1734104046242777
1,1,1,1,1,0,1,1
w0.1734104046242777
1,1,1,1,0,1,1,1
w0.1734104046242777
1,1,1,1,1,1,1,0
w0.1734104046242777
1,1,1,1,1,1,0,1
w0.1734104046242777
1,1,1,1,1,0,1,1
w0.1734104046242777
1,1,1,1,0,1,1,1
a107.25826589595376
sBass Washer
sKorekara no mirai ni mune no kodou ga hayaku naru
1,0,0,0,0,1,0,1
w0.08843930635838149
1,0,1,0,0,1,0,1
w0.08670520231214596
0,1,0,1,0,1,0,1
w0.1734104046242777
0,0,1,0,1,0,1,0
w0.08670520231213175
1,0,1,0,1,0,1,0
w0.08670520231214596
0,1,0,1,0,1,0,1
w0.1734104046242777
1,0,0,0,0,1,0,1
w0.08670520231213175
1,0,1,0,0,1,0,1
w0.08670520231214596
0,1,0,1,1,0,0,1
w0.1734104046242777
0,0,1,0,0,1,1,0
w0.08670520231213175
1,0,1,0,0,1,1,0
w0.08670520231214596
0,1,0,1,1,0,0,0
w0.1734104046242777
1,0,0,0,1,1,0,0
w0.08670520231213175
1,0,1,0,1,1,0,0
w0.08670520231214596
0,1,0,1,1,1,0,0
w0.08670520231213175
0,1,0,1,1,1,1,0
w0.08670520231214596
0,0,1,0,1,0,0,1
w0.08670520231213175
1,0,1,0,1,0,0,1
w0.08670520231214596
0,1,0,1,1,1,0,0
w0.1734104046242777
1,0,0,0,1,0,1,0
w0.08670520231213175
1,0,1,0,1,0,1,0
w0.08670520231214596
0,1,0,1,1,0,0,1
w0.1734104046242777
0,0,1,0,0,1,0,1
w0.08670520231213175
1,0,1,0,0,1,0,1
w0.08670520231214596
0,1,0,1,0,1,1,1
w0.08670520231213175
0,1,0,1,1,1,1,1
w0.08670520231214596
1,0,0,0,0,1,1,0
w0.08670520231213175
1,0,1,0,0,1,1,0
w0.08670520231214596
0,1,0,1,0,1,1,0
w0.1734104046242777
0,0,1,0,1,0,0,1
w0.08670520231213175
1,0,1,0,1,0,0,1
w0.08670520231214596
0,1,0,1,1,0,0,1
w0.08670520231213175
0,1,0,1,1,0,1,1
w0.08670520231214596
1,0,0,0,1,1,0,0
w0.08670520231213175
1,0,1,0,1,1,0,0
w0.08670520231214596
0,1,0,1,1,1,0,0
w0.1734104046242777
0,0,1,0,0,0,1,1
w0.08670520231213175
1,0,1,0,0,0,1,1
w0.08670520231214596
0,1,0,1,0,0,1,1
w0.1734104046242777
1,0,0,0,1,0,1,1
w0.08670520231213175
1,0,1,0,1,0,1,1
w0.08670520231214596
0,1,0,1,1,0,1,0
w0.1734104046242777
0,0,1,0,1,0,1,0
w0.08670520231213175
1,0,1,0,1,0,1,0
w0.08670520231214596
0,1,0,1,1,0,0,1
w0.1734104046242635
1,0,0,0,1,0,0,1
w0.08670520231213175
1,0,1,0,1,0,0,1
w0.08670520231214596
0,1,0,1,0,0,1,1
w0.1734104046242777
0,0,1,0,0,1,1,1
w0.08670520231213175
1,0,1,0,0,1,1,1
w0.08670520231214596
0,1,0,1,1,1,1,1
w0.1734104046242777
1,0,0,0,0,0,1,1
w0.08670520231213175
1,0,1,0,0,0,1,1
w0.08670520231214596
0,1,0,1,0,0,1,1
w0.1734104046242777
0,0,1,0,1,0,1,1
w0.08670520231213175
1,0,1,0,1,1,1,1
w0.08670520231214596
0,1,0,1,1,0,1,1
w0.1734104046242777
1,0,0,0,1,0,1,1
w0.08670520231213175
1,0,1,0,1,0,1,1
w0.08670520231214596
0,1,0,1,0,1,0,1
w0.1734104046242777
0,0,1,0,1,0,0,1
w0.08670520231213175
1,0,1,0,1,0,0,1
w0.08670520231214596
0,1,0,1,1,0,1,0
w0.1734104046242777
1,0,0,0,1,1,0,0
w0.08670520231213175
1,0,1,0,1,1,0,0
w0.08670520231214596
0,1,0,1,1,1,0,0
w0.1734104046242777
0,0,1,0,0,1,1,1
w0.08670520231213175
1,0,1,0,0,1,1,1
w0.08670520231214596
0,1,0,1,1,1,0,1
w0.1734104046242777
1,0,0,0,1,0,0,1
w0.08670520231213175
1,0,1,0,1,0,0,1
w0.08670520231214596
0,1,0,1,0,0,1,1
w0.1734104046242777
0,0,1,0,0,1,1,1
w0.08670520231213175
1,0,1,0,1,1,1,1
w0.08670520231214596
0,1,0,1,0,1,1,1
a115.58
sBass Washer Addendum
1,0,1,0,0,1,1,0
w0.1734104046242777
1,1,1,1,0,1,1,0
w0.1734104046242777
0,1,0,1,0,1,1,0
w0.1734104046242777
1,1,1,1,0,1,0,1
w0.1734104046242777
1,0,1,0,0,1,0,1
w0.1734104046242777
1,1,1,1,0,1,1,0
w0.1734104046242777
0,1,0,1,0,1,1,0
w0.1734104046242777
1,1,1,1,0,1,1,0
w0.0904046242774541
1,1,1,1,0,1,1,1
w0.0830057803468236
1,0,1,0,1,0,1,0
w0.1734104046242777
1,1,1,1,1,0,1,0
w0.1734104046242777
0,1,0,1,1,0,1,0
w0.1734104046242777
1,1,1,0,0,1,0,1
w0.08670520231213175
0,1,1,1,0,1,0,1
w0.08670520231213175
1,0,1,1,0,1,0,1
w0.17341040462429191
0,1,1,1,1,1,1,1
w0.1734104046242777
1,1,1,0,1,1,1,1
w0.1734104046242777
1,1,0,1,1,1,1,1
a118.35456647398844
sBuildup Drums
sTatoeba komatta toki ni wa
sbp-bbp! bpb-bp!
1,0,1,0,0,1,1,1
w0.1748439306358307
1,1,1,1,0,1,1,1
w0.1734104046242777
1,1,1,1,0,0,1,1
w0.1734104046242777
1,0,1,0,0,0,1,1
w0.1734104046242777
0,1,0,1,0,1,0,1
w0.1734104046242777
1,1,1,1,0,1,0,1
w0.08670520231213175
1,1,1,1,1,1,0,1
w0.08670520231214596
1,1,1,1,0,0,1,1
w0.1734104046242777
1,0,1,0,0,1,1,0
w0.1734104046242777
1,1,1,1,1,0,1,0
w0.3468208092485554
1,0,1,0,1,0,1,0
w0.1734104046242777
1,1,1,1,0,1,1,0
w0.1734104046242777
0,1,0,1,0,1,1,0
w0.1734104046242777
1,0,1,0,1,0,1,0
w0.08670520231213175
1,1,1,1,1,0,1,0
w0.08670520231214596
1,0,1,0,1,0,1,1
w0.1734104046242777
1,1,1,1,1,1,1,1
w0.1734104046242777
1,0,1,0,0,1,1,1
w0.1734104046242777
1,1,1,1,0,1,1,1
w0.1734104046242777
1,1,1,1,1,0,1,1
w0.1734104046242777
1,0,1,0,1,0,1,1
w0.08670520231213175
1,0,1,0,1,1,1,1
w0.08670520231214596
0,1,0,1,1,0,0,1
w0.1734104046242777
1,1,1,1,1,0,0,1
w0.08670520231213175
1,1,1,1,1,1,0,1
w0.08670520231214596
1,1,1,1,1,0,1,1
w0.1734104046242777
1,0,1,0,1,1,1,0
w0.1734104046242777
1,1,1,1,1,0,1,0
w0.1734104046242777
0,1,0,1,1,0,0,1
w0.08670520231213175
0,1,0,1,1,1,0,1
w0.08670520231214596
1,1,1,1,1,0,1,1
w0.1734104046242777
1,0,1,0,1,1,0,1
w0.1734104046242777
0,1,0,1,1,0,0,1
w0.1734104046242777
1,1,1,1,1,0,0,1
w0.1734104046242777
1,0,1,0,1,1,1,1
w0.1734104046242777
1,1,1,1,1,1,1,1
a123.905
sSugu kaketsukete dakishimetakute
1,0,1,0,1,0,1,0
w0.1735433526011434
1,1,1,1,1,0,1,0
w0.173277456647412
0,1,0,1,0,1,1,0
w0.1734104046242777
1,1,1,1,0,1,0,1
w0.1734104046242777
1,0,1,0,1,0,0,1
w0.08683815028899744
1,1,1,1,1,0,0,1
w0.08657225433528026
1,0,1,0,0,0,1,1
w0.1734104046242777
0,1,0,1,1,1,0,0
w0.1735433526011434
1,1,1,1,1,1,0,0
w0.08657225433526605
1,1,1,1,1,1,1,0
w0.08670520231214596
1,0,1,0,1,0,0,1
w0.1735433526011434
1,1,1,1,1,0,0,1
w0.173277456647412
0,1,0,1,1,0,1,0
w0.1734104046242777
1,0,1,0,0,1,0,1
w0.1735433526011434
1,1,1,1,0,1,0,1
w0.173277456647412
1,0,1,0,1,0,0,1
w0.1734104046242777
0,1,0,1,1,0,1,1
w0.1734104046242777
1,1,1,1,1,1,1,1
w0.1734104046242777
1,0,1,0,1,0,1,0
w0.1735433526011434
1,1,1,1,1,0,1,0
w0.173277456647412
0,1,0,1,0,1,1,0
w0.1734104046242777
1,1,1,1,0,1,0,1
w0.1734104046242777
1,0,1,0,1,0,0,1
w0.08683815028899744
1,1,1,1,1,0,0,1
w0.08657225433528026
1,0,1,0,1,0,1,0
w0.1734104046242777
0,1,0,1,1,1,0,0
w0.1735433526011434
1,1,1,1,1,1,0,0
w0.08657225433526605
1,1,1,1,1,1,0,1
w0.08670520231214596
1,0,1,0,1,0,1,0
w0.1735433526011434
1,1,1,1,1,0,1,0
w0.173277456647412
0,1,0,1,1,0,0,1
w0.08670520231214596
0,1,0,1,1,1,0,1
w0.08670520231211754
1,0,1,0,0,0,1,1
w0.1735433526011434
1,1,1,1,0,0,1,1
w0.173277456647412
1,0,1,0,1,0,0,1
w0.1734104046242635
0,1,0,1,1,1,0,1
w0.17341040462429191
1,1,1,1,1,1,1,1
a129.454
sDoko ni ite mo dokodemo Fly high
smassive glissando incoming WEE WOO
1,0,1,0,1,0,0,1
w0.17367630057799488
1,1,1,1,1,0,0,1
w0.17314450867056053
0,1,0,1,0,1,0,1
w0.17367630057799488
1,1,1,1,0,1,0,1
w0.17314450867056053
1,0,1,0,1,0,0,1
w0.08670520231214596
1,1,1,1,1,0,1,1
w0.08670520231211754
1,0,1,0,1,0,0,1
w0.08670520231214596
1,0,1,0,1,1,0,1
w0.08670520231211754
0,1,0,1,0,0,1,1
w0.08670520231217438
0,1,0,1,0,1,1,1
w0.08670520231211754
1,1,1,1,1,0,0,1
w0.08670520231214596
1,1,1,1,1,1,0,1
w0.08670520231214596
1,0,1,0,1,0,0,1
w0.1734104046242635
1,1,1,1,1,0,1,1
w0.17341040462429191
0,1,0,1,1,0,0,1
w0.1734104046242635
1,0,1,0,1,1,0,0
w0.17341040462429191
1,1,1,1,1,0,1,0
w0.1734104046242635
1,0,1,0,0,0,1,1
w0.17341040462429191
0,1,0,1,0,1,0,1
w0.1734104046242635
1,1,1,1,1,1,1,0
w0.17341040462429191
0,1,0,1,0,1,0,0
w0.1734104046242635
1,0,1,1,1,1,1,0
w0.17341040462429191
0,1,0,1,0,1,0,0
w0.1734104046242635
1,1,1,0,1,1,1,0
w0.17341040462429191
0,1,0,1,0,1,0,0
w0.1734104046242635
1,0,1,1,1,0,1,0
w0.1734104046242635
0,1,0,1,0,1,0,1
w0.17341040462429191
1,1,1,0,1,0,1,1
w0.08670520231214596
1,1,1,1,1,1,1,1
w0.08670520231214596
0,0,0,0,0,0,0,0
w0.08670520231214596
1,1,1,1,1,0,1,0
w0.08670520231211754
0,0,0,0,0,0,0,0
w0.08670520231214596
1,1,1,1,1,0,1,0
w0.26011560693640945
1,1,1,1,0,1,0,1
w0.17341040462429191
1,1,1,0,0,1,0,0
w0.04335260115604456
1,1,1,0,1,1,0,0
w0.0433526011561014
1,1,0,1,1,1,0,1
w0.08670520231211754
1,0,1,1,1,0,1,1
w0.08670520231214596
0,1,1,1,0,1,1,1
w0.08670520231214596
1,1,1,0,1,1,1,0
w0.08670520231211754
1,1,0,1,1,1,0,1
w0.08670520231214596
1,0,1,1,1,0,1,1
w0.08670520231214596
0,1,1,1,0,1,1,1
a135.0
sIsoide. Itsunomanika...
sSnow Drums (bp-bbp bpb-bp)
1,0,1,0,1,0,1,1
w0.1734104046242635
1,1,1,1,1,0,1,1
w0.17341040462429191
0,1,0,1,0,1,1,1
w0.1734104046242635
1,1,1,1,0,1,1,1
w0.17341040462429191
1,0,1,0,1,1,1,0
w0.08670520231214596
1,1,1,1,1,1,1,0
w0.08670520231211754
1,0,1,0,1,1,1,0
w0.1734104046242635
0,1,0,1,1,0,1,1
w0.17341040462429191
1,1,1,1,1,1,0,1
w0.17341040462429191
1,0,1,0,1,0,0,1
w0.1734104046242635
1,1,1,1,1,0,1,1
w0.17341040462429191
0,1,0,1,1,1,1,0
w0.1734104046242635
1,0,1,0,1,1,1,0
w0.1734104046242635
1,1,1,1,1,1,0,1
w0.17341040462429191
1,0,1,0,1,1,0,1
w0.1734104046242635
0,1,0,1,1,0,1,1
w0.17341040462429191
1,1,1,1,1,0,1,1
a137.77
sSnow Drums (bp-bbp bp-alt)
1,0,1,0,1,1,0,0
w0.1734104046242635
1,1,1,1,1,1,0,0
w0.17341040462429191
0,1,0,1,1,0,1,1
w0.1734104046242635
1,1,1,1,0,1,0,1
w0.17341040462429191
1,0,1,0,0,1,0,1
w0.08670520231214596
1,1,1,1,0,1,0,1
w0.08670520231211754
1,0,1,0,0,1,1,1
w0.1734104046242635
0,1,0,1,0,1,1,1
w0.17341040462429191
1,1,1,1,0,1,1,1
w0.17341040462429191
1,0,1,0,0,1,1,0
w0.1734104046242635
1,1,1,1,0,0,1,1
w0.17341040462429191
0,1,0,1,0,1,0,1
w0.1734104046242635
1,1,1,0,0,1,1,0
w0.08670520231214596
1,0,1,1,0,1,1,0
w0.08670520231214596
1,1,1,0,1,1,0,1
w0.1734104046242635
1,0,1,1,0,1,1,1
w0.1734104046242635
0,1,0,1,1,0,1,1
w0.17341040462429191
1,0,1,0,1,1,0,1
w0.08670520231214596
1,1,1,1,1,1,0,1
a140.549
sSnow Drums (bp-bbp bpb-bp)
sookiku narisugita "True emotion"
1,0,1,0,1,1,1,0
w0.1734104046242635
1,1,1,1,1,1,1,0
w0.17341040462429191
0,1,0,1,0,1,1,1
w0.1734104046242635
1,1,1,1,0,1,0,1
w0.17341040462429191
1,0,1,0,1,1,0,0
w0.08670520231214596
1,1,1,1,1,1,0,0
w0.08670520231211754
1,0,1,0,1,1,0,0
w0.1734104046242635
0,1,0,1,1,0,1,1
w0.17341040462429191
1,1,1,1,1,1,0,1
w0.17341040462429191
1,0,1,0,1,1,0,0
w0.1734104046242635
1,1,1,1,1,1,0,0
w0.17341040462429191
0,1,0,1,1,1,0,1
w0.1734104046242635
1,0,1,0,1,0,0,1
w0.1734104046242635
1,1,1,1,1,0,1,1
w0.17341040462429191
1,0,1,0,1,0,1,1
w0.1734104046242635
0,1,0,1,0,1,1,1
w0.17341040462429191
1,1,1,1,1,0,1,1
w0.08670520231214596
1,1,1,1,1,1,1,1
a143.323
sSnow Drums (bp-bbp bp-flash)
1,0,1,0,1,0,0,1
w0.1734104046242635
1,1,1,1,1,0,0,1
w0.17341040462429191
0,1,0,1,1,1,0,1
w0.1734104046242635
1,1,1,1,1,1,0,0
w0.17341040462429191
1,0,1,0,1,0,1,0
w0.08670520231214596
1,1,1,1,1,0,1,0
w0.08670520231211754
1,0,1,0,1,0,1,0
w0.1734104046242635
0,1,0,1,1,1,1,1
w0.17341040462429191
1,1,1,1,1,1,0,1
w0.17341040462429191
0,0,0,0,1,0,1,0
w0.08670520231214596
1,1,1,1,1,1,1,0
w0.08670520231211754
0,0,0,0,1,0,1,0
w0.08670520231214596
1,1,1,1,1,1,1,0
w0.0872716763005883
1,1,1,1,1,1,0,1
w0.1734104046242635
1,1,1,1,1,0,1,1
w0.17284393063584957
0,0,0,0,0,0,1,1
w0.08670520231214596
1,1,1,1,1,0,1,1
w0.08670520231211754
0,0,0,0,0,1,1,1
w0.08670520231214596
1,1,1,1,1,1,1,1
a146.09813294797686
sSnow Drums (bp-bbp bpb-bp)
sYume dake miteru you ja...
1,0,1,0,1,0,1,1
w0.17527745664739314
1,1,1,1,1,0,1,1
w0.17341040462429191
0,1,0,1,0,1,1,1
w0.1734104046242635
1,1,1,1,0,1,0,1
w0.17341040462429191
1,0,1,0,1,1,0,0
w0.08670520231214596
1,1,1,1,1,1,0,0
w0.08670520231211754
1,0,1,0,1,1,1,0
w0.1734104046242635
0,1,0,1,0,0,1,1
w0.17341040462429191
1,1,1,1,0,1,0,1
w0.17341040462429191
1,0,1,0,1,0,0,1
w0.1734104046242635
1,1,1,1,1,0,1,1
w0.17341040462429191
0,1,0,1,1,1,1,0
w0.1734104046242635
1,0,1,0,1,0,1,0
w0.1734104046242635
1,1,1,1,1,0,0,1
w0.17341040462429191
1,0,1,0,1,1,0,1
w0.1734104046242635
0,1,0,1,0,0,1,1
w0.17341040462429191
1,1,1,1,0,0,1,1
a148.872
sSnow Drums (bp-bbp bp-alt)
1,0,1,0,1,1,0,0
w0.1734104046242635
1,1,1,1,1,1,0,0
w0.17341040462429191
0,1,0,1,1,0,1,1
w0.1734104046242635
1,1,1,1,0,1,0,1
w0.17341040462429191
1,0,1,0,0,1,0,1
w0.08670520231214596
1,1,1,1,0,1,0,1
w0.08670520231211754
1,0,1,0,0,1,1,1
w0.1734104046242635
0,1,0,1,0,1,0,1
w0.17341040462429191
1,1,1,1,0,1,0,1
w0.17341040462429191
1,0,1,0,0,1,1,0
w0.1734104046242635
1,1,1,1,0,1,1,0
w0.17341040462429191
0,1,0,1,0,1,0,1
w0.1734104046242635
1,1,1,0,0,1,0,1
w0.08670520231214596
1,0,1,1,0,1,0,1
w0.08670520231214596
1,1,1,0,1,0,1,1
w0.1734104046242635
1,0,1,1,1,0,1,1
w0.1734104046242635
0,1,0,1,0,1,1,1
w0.17341040462429191
1,0,1,0,0,1,1,1
w0.08670520231214596
1,1,1,1,0,1,1,1
a151.647
sSnow Drums (bp-bbp bpb-bp)
stsurai yo. Koibito wa kimitte iitai
1,0,1,0,1,1,1,0
w0.1734104046242635
1,1,1,1,1,1,1,0
w0.08670520231214596
1,1,1,1,1,1,1,1
w0.08670520231214596
0,1,0,1,0,1,1,0
w0.1734104046242635
1,1,1,1,0,1,0,1
w0.17341040462429191
1,0,1,0,1,1,0,0
w0.08670520231214596
1,1,1,1,1,1,0,0
w0.08670520231211754
1,0,1,0,1,1,0,0
w0.1734104046242635
0,1,0,1,0,0,1,1
w0.17341040462429191
1,1,1,1,1,1,0,0
w0.1734104046242635
1,0,1,0,1,0,0,1
w0.17341040462429191
1,1,1,1,1,0,0,1
w0.17341040462429191
0,1,0,1,1,0,0,1
w0.1734104046242635
1,0,1,0,1,1,0,0
w0.1734104046242635
1,1,1,1,1,1,1,0
w0.17341040462429191
1,0,1,0,1,1,0,1
w0.1734104046242635
0,1,0,1,0,1,0,1
w0.17341040462429191
1,1,1,1,1,0,1,1
a154.4215664739884
sSnow Drums (bp-bbp bbpb-bp)
1,0,1,0,1,1,0,0
w0.17384393063585435
1,1,1,1,1,1,0,0
w0.17297687861272948
0,1,0,1,1,1,0,1
w0.1734104046242635
1,1,1,1,1,0,1,0
w0.08670520231214596
1,1,1,1,1,1,1,0
w0.08670520231214596
1,0,1,0,1,0,1,0
w0.08713872832370839
1,1,1,1,1,0,1,0
w0.0862716763005551
1,0,1,0,1,0,0,1
w0.08670520231214596
1,0,1,0,1,1,0,1
w0.08670520231211754
0,1,0,1,1,0,1,1
w0.17341040462429191
1,1,1,1,0,1,0,1
w0.1734104046242635
1,0,1,0,1,0,1,0
w0.08713872832373681
1,1,1,1,1,0,1,0
w0.08670520231211754
1,0,1,0,1,0,1,0
w0.17297687861272948
0,1,0,1,1,1,0,1
w0.1734104046242635
1,0,1,0,0,0,1,1
w0.17384393063582593
1,1,1,1,0,0,1,1
w0.08627167630058352
1,1,1,1,0,1,1,1
w0.08670520231214596
1,0,1,0,1,0,0,1
w0.1734104046242635
0,1,0,1,1,1,0,0
w0.08713872832373681
0,1,1,1,1,1,0,0
w0.0862716763005551
1,1,0,1,1,1,1,0
w0.08670520231214596
0,1,1,1,1,1,1,1
a157.19656647398844
sSnow Drumpfs- err I meant Snow Drums (b-bp alt)
sYasashii me ga tomadotteru iya da yo
1,0,1,0,1,1,1,0
w0.17684393063581183
1,1,1,1,1,1,1,0
w0.17341040462429191
1,1,1,1,0,1,1,1
w0.1734104046242635
1,0,1,0,0,1,1,0
w0.1734104046242635
0,1,0,1,1,0,1,0
w0.17341040462429191
1,1,1,1,0,0,1,1
w0.17341040462429191
1,1,1,1,0,1,0,1
w0.1734104046242635
1,0,1,0,1,1,0,1
w0.1734104046242635
1,1,1,1,1,0,1,0
w0.17341040462429191
0,1,0,1,1,0,1,0
w0.1734104046242635
1,1,1,1,1,1,0,1
w0.17341040462429191
1,0,1,0,1,0,1,0
w0.1734104046242635
0,1,0,1,1,0,1,0
w0.17341040462429191
1,1,1,1,1,0,0,1
w0.17341040462429191
1,0,1,0,1,0,0,1
w0.1734104046242635
1,1,1,1,1,0,1,1
w0.1734104046242635
1,0,1,0,1,1,0,1
w0.17341040462429191
1,1,1,1,1,1,0,1
w0.17341040462429191
1,1,1,1,1,0,1,1
w0.08670520231214596
1,1,1,1,1,1,1,1
w0.08670520231211754
1,0,1,0,1,0,1,0
w0.1734104046242635
0,1,0,1,1,1,0,0
w0.17341040462429191
1,1,1,1,1,0,0,1
w0.17341040462429191
1,1,1,1,0,0,1,1
w0.08670520231214596
1,1,1,1,1,0,1,1
w0.08670520231211754
1,0,1,0,0,1,1,1
w0.08670520231214596
1,0,1,0,1,1,1,1
w0.08670520231211754
1,1,1,1,0,0,1,1
w0.17341040462429191
0,1,0,1,0,1,1,0
w0.1734104046242635
1,1,1,1,1,0,1,1
w0.17341040462429191
1,0,1,0,0,1,0,1
w0.1734104046242635
0,1,0,1,0,1,0,1
w0.17341040462429191
1,1,1,1,1,1,0,1
w0.17341040462429191
1,0,1,0,1,1,0,1
w0.1734104046242635
1,1,1,1,1,1,1,1
a162.749
sKono mama ikki ni aijou azukete Please!!
1,0,1,0,0,1,1,1
w0.1735433526011434
1,1,1,1,0,1,1,1
w0.08657225433526605
1,1,1,1,1,1,1,1
w0.08670520231214596
1,1,1,1,0,1,1,1
w0.1734104046242635
1,0,1,0,0,0,1,1
w0.1734104046242635
0,1,0,1,0,1,0,1
w0.17341040462429191
1,1,1,1,1,0,1,0
w0.3468208092485554
1,0,1,0,1,1,0,1
w0.17341040462429191
1,1,1,1,1,0,0,1
w0.1735433526011434
0,1,0,1,1,0,0,1
w0.08657225433526605
0,1,0,1,1,0,1,1
w0.08670520231214596
1,1,1,1,1,1,0,1
w0.1734104046242635
1,0,1,0,0,0,1,1
w0.1735433526011434
0,1,0,1,0,0,1,1
w0.173277456647412
1,1,1,1,1,1,0,0
w0.17354335260117182
1,0,1,0,1,1,0,0
w0.08657225433523763
1,0,1,0,1,1,1,0
w0.08670520231214596
1,1,1,1,1,1,0,1
a165.52
sTambourine break lolololol
1,0,1,1,1,0,0,0
w0.08670520231214596
0,1,0,1,1,0,0,0
w0.08670520231211754
1,1,1,0,1,0,0,0
w0.08670520231214596
0,1,0,1,1,0,0,0
w0.08670520231214596
1,0,1,1,1,0,0,0
w0.08670520231214596
0,1,0,1,1,0,0,0
w0.08670520231211754
1,1,1,0,1,0,0,0
w0.08670520231214596
0,1,0,1,1,0,0,0
w0.08670520231214596
1,0,1,1,1,0,0,0
w0.08670520231214596
0,1,0,1,1,0,0,0
w0.08670520231211754
1,1,1,0,1,0,0,0
w0.08670520231214596
0,1,0,1,1,0,0,0
w0.08670520231214596
1,0,1,1,1,0,0,0
w0.08670520231214596
0,1,0,1,1,0,0,0
w0.08670520231211754
1,1,1,0,1,0,0,0
w0.08670520231214596
0,1,0,1,1,0,1,0
w0.08670520231214596
1,0,1,1,0,1,0,1
w0.08670520231214596
0,1,0,1,0,1,0,1
w0.08670520231211754
1,1,1,0,0,1,0,1
w0.08670520231214596
0,1,0,1,1,1,0,1
w0.08670520231214596
1,0,1,1,1,1,1,1
w0.08670520231214596
0,1,0,1,1,1,1,1
w0.08670520231211754
1,1,1,0,0,1,1,1
w0.08670520231214596
0,1,0,1,0,1,1,1
a167.6
sSmol Flash
0,0,0,0,1,0,1,0
w0.08670520231214596
1,1,1,1,1,1,1,0
w0.08670520231211754
0,0,0,0,0,1,0,1
w0.08670520231214596
1,1,1,1,1,1,0,1
w0.09119653179189413
1,1,1,1,1,0,1,1
w0.17341040462429191
1,1,1,1,1,1,0,1
a168.3
sBreak Guitar?!? idk I can't tell anymore because I'm dumb
sFading Bells
1,0,1,1,1,1,0,1
w0.1734104046242635
1,1,1,1,1,1,0,1
w0.17341040462429191
0,1,1,1,1,1,0,1
w0.1734104046242635
1,1,1,1,1,1,0,1
w0.17341040462429191
1,1,1,0,1,1,0,1
w0.1734104046242635
1,1,1,1,1,1,0,1
w0.0589595375722638
1,1,1,1,1,1,0,0
w0.11445086705202812
1,1,0,1,1,1,0,0
w0.058959537572235377
1,1,0,1,1,1,0,1
w0.05549132947979274
1,1,0,1,1,1,0,0
w0.058959537572235377
1,1,1,1,1,1,0,0
w0.11445086705202812
1,1,1,1,1,1,0,1
w0.0589595375722638
1,0,1,1,1,1,0,0
w0.1734104046242635
1,1,1,1,1,1,0,1
w0.0589595375722638
1,1,1,1,1,1,0,1
w0.1734104046242635
1,1,1,1,1,1,1,1
w0.05549132947979274
1,1,1,1,1,0,1,1
w0.1734104046242635
1,1,1,1,1,1,1,1
w0.0589595375722638
1,1,1,1,0,1,1,1
w0.1734104046242635
1,1,1,1,1,1,1,1
w0.0589595375722638
1,1,1,1,1,0,1,1
w0.1734104046242635
1,1,1,1,1,1,1,1
w0.05549132947979274
1,1,1,1,1,1,0,1
w0.1734104046242635
1,1,1,1,1,1,1,1
w0.0589595375722638
1,0,1,1,1,1,0,1
w0.1734104046242635
1,1,1,1,1,1,0,1
w0.17341040462429191
0,1,1,1,1,0,1,1
w0.1734104046242635
1,1,1,1,0,1,1,1
w0.17341040462429191
1,1,1,0,0,1,1,1
w0.08670520231211754
1,1,1,0,1,1,1,1
w0.08670520231214596
1,1,1,1,0,1,1,1
w0.1734104046242635
1,1,0,1,1,0,1,1
w0.17341040462429191
1,1,1,1,0,1,1,1
w0.17154335260113385
1,0,1,1,0,1,1,1
w0.17527745664742156
1,1,1,1,0,1,1,1
w0.5202312138728189
1,1,1,1,1,1,1,1
w0.6936416184971392
1,0,1,1,1,1,1,1
w0.1734104046242635
1,1,1,1,1,1,1,1
w0.17341040462429191
0,1,1,1,1,1,1,1
w0.1734104046242635
1,1,1,1,0,1,1,1
w0.1734104046242635
1,1,1,0,1,0,1,1
w0.17341040462429191
1,1,1,1,1,0,1,1
w0.17341040462429191
1,1,0,1,0,1,1,1
w0.1734104046242635
1,1,1,1,1,0,1,1
w0.17341040462429191
1,0,1,1,1,0,1,1
w0.1734104046242635
1,1,1,1,1,1,0,1
w0.3468208092485554
1,1,1,1,1,1,1,0
w0.3468208092485554
1,1,1,1,1,1,0,1
w0.1734104046242635
1,1,1,1,0,1,1,1
w0.17341040462429191
1,1,1,1,1,0,1,1
w0.1734104046242635
1,0,1,1,1,1,0,1
w0.17341040462429191
1,1,1,1,1,1,0,1
w0.17341040462429191
0,1,1,1,1,1,1,0
w0.1734104046242635
1,1,1,1,1,1,0,1
w0.17341040462429191
1,1,1,0,1,1,0,1
w0.1734104046242635
1,1,1,1,1,0,1,1
w0.17341040462429191
1,1,0,1,1,0,1,1
w0.1734104046242635
1,1,1,1,0,1,1,1
w0.17341040462429191
1,0,1,1,0,1,1,1
w0.1734104046242635
1,1,1,1,0,1,1,1
w0.1734104046242635
1,1,1,1,0,0,1,1
w0.3468208092485554
1,1,1,1,1,1,0,1
w0.3468208092485554
1,1,1,1,1,1,1,0
a179.398
sWhat a pain in the arse kek
1,0,1,1,1,1,1,1
w0.1736763005780233
1,1,1,1,1,1,1,1
w0.17341040462429191
0,1,1,1,1,1,1,1
w0.17314450867050368
1,1,1,1,1,0,1,1
w0.08670520231214596
1,1,1,1,1,1,0,1
w0.08670520231214596
1,1,1,0,1,1,1,0
w0.1736763005780233
1,1,1,1,1,1,1,0
w0.1731445086705321
1,1,0,1,1,1,0,1
w0.1734104046242635
1,1,1,1,1,0,1,1
w0.17367630057805172
1,0,1,1,1,0,1,1
w0.17314450867050368
1,1,1,1,0,1,1,1
w0.1734104046242635
1,1,1,1,1,0,1,1
w0.17341040462429191
1,1,1,1,0,1,1,1
w0.8670520231213743
1,0,1,1,1,1,1,1
w0.17367630057805172
1,1,1,1,1,1,1,1
w0.17341040462429191
0,1,1,1,1,1,1,1
w0.17314450867050368
1,1,1,1,0,1,1,1
w0.08670520231214596
1,1,1,1,1,0,1,1
w0.08670520231214596
1,1,1,0,1,1,0,1
w0.1736763005780233
1,1,1,1,1,1,0,1
w0.08643930635838615
1,1,1,1,1,1,1,1
w0.08670520231214596
1,1,0,1,1,1,0,1
w0.08670520231214596
1,1,0,1,1,1,1,1
w0.08670520231211754
1,1,1,1,1,1,0,1
w0.17367630057805172
1,0,1,1,1,1,0,1
w0.17314450867050368
1,1,1,1,1,0,1,1
w0.1734104046242635
1,1,1,1,1,1,0,1
w0.17341040462429191
1,1,1,1,1,1,1,0
w0.26011560693640945
1,1,1,1,1,1,1,1
w0.08670520231214596
1,1,1,1,1,1,1,0
w0.1734104046242635
1,1,1,1,1,1,0,1
w0.17341040462429191
1,1,1,1,1,0,1,1
w0.1734104046242635
1,0,1,1,1,1,0,1
w0.17367630057805172
1,1,1,1,1,1,0,1
w0.17341040462429191
0,1,1,1,1,1,0,1
w0.1734104046242635
1,1,1,1,1,1,0,1
w0.17341040462429191
1,1,1,0,1,1,0,1
w0.1734104046242635
1,1,1,1,1,1,0,1
w0.17341040462429191
1,1,0,1,1,1,0,1
w0.1734104046242635
1,1,1,1,1,1,0,1
w0.1731445086705321
1,0,1,1,1,1,1,1
w0.1736763005780233
1,1,1,1,1,1,1,1
w0.3465549132947956
1,1,1,1,1,0,1,1
w0.3468208092485554
1,1,1,1,0,1,1,1
w0.1734104046242635
1,1,1,1,1,0,1,1
w0.17341040462429191
1,1,1,1,1,1,1,1
w0.0346820809248527
1,1,1,1,1,1,0,1
w0.08670520231214596
1,1,1,1,1,1,1,1
w0.05228901734105307
1,0,1,1,1,1,1,1
w0.03441618497109289
1,0,1,1,1,1,0,1
w0.1389942196531706
1,1,1,1,1,1,0,1
w0.17341040462429191
0,1,1,1,1,1,0,1
w0.1734104046242635
1,1,1,1,1,1,0,1
w0.17341040462429191
1,1,1,0,1,1,0,1
w0.1734104046242635
1,1,1,1,1,1,0,1
w0.17341040462429191
1,1,0,1,1,1,0,1
w0.1734104046242635
1,1,1,1,1,1,0,1
w0.17314450867050368
1,0,1,1,1,0,1,0
w0.17367630057805172
1,1,1,1,1,0,1,0
w0.8667861271676145
1,1,1,1,0,1,0,1
w0.1734104046242635
1,1,1,1,1,1,1,1
a190.5
s(Comeback) Todokete. Setsunasa ni wa...
sReturn of the Snow Drums
1,0,1,0,1,1,1,1
w0.1734104046242635
1,1,1,1,1,1,1,1
w0.17341040462429191
1,1,1,1,0,1,1,1
w0.3468208092485554
1,1,1,1,1,1,1,0
w0.3468208092485554
1,1,1,1,1,0,1,1
w0.1734104046242635
1,1,1,1,1,1,0,1
w0.3468208092485554
1,1,1,1,1,1,1,1
w0.17341040462429191
1,1,1,1,1,1,1,0
w0.3468208092485554
1,1,1,1,1,1,0,1
w0.3468208092485554
1,1,1,1,1,0,1,1
w0.3468208092485554
1,0,1,0,1,1,0,1
w0.1734104046242635
1,1,1,1,1,1,0,1
w0.17341040462429191
1,1,1,1,1,0,1,1
w0.1734104046242635
0,1,0,1,0,1,1,1
w0.1734104046242635
1,1,1,1,0,1,1,1
w0.8670520231214027
0,1,1,1,0,1,1,1
w0.08670520231214596
1,0,1,1,0,1,1,1
w0.08670520231214596
1,1,0,1,0,1,1,1
w0.1734104046242635
1,1,1,1,0,1,1,1
w0.1734104046242635
1,0,1,0,1,1,1,1
w0.17341040462429191
1,1,1,1,1,1,1,1
w0.17341040462429191
0,1,0,1,1,1,1,1
w0.1734104046242635
1,1,1,1,1,1,1,1
a196.049
s(Comeback) namae o tsukeyou ka 「Snow halation」
1,0,1,0,1,1,1,1
w0.1735433526011434
1,1,1,1,1,1,1,1
w0.173277456647412
1,1,1,1,0,1,1,1
w0.3468208092485554
1,1,1,1,1,1,1,0
w0.3468208092485554
1,1,1,1,1,0,1,1
w0.1734104046242635
1,1,1,1,1,1,0,1
w0.17354335260117182
0,1,0,1,1,1,0,1
w0.1734104046242635
1,1,1,1,1,1,0,1
w0.520098265895939
1,1,1,1,1,1,1,1
w0.34682080924858383
1,1,1,1,0,1,1,1
w0.1734104046242635
1,1,1,1,1,0,1,1
w0.08670520231214596
1,1,1,1,1,1,1,1
w0.08670520231214596
1,1,1,1,1,1,0,1
w0.1735433526011434
0,1,0,1,1,1,0,1
w0.1734104046242635
1,0,1,0,1,1,0,1
w0.17341040462429191
0,1,0,1,1,1,0,1
w0.173277456647412
1,0,1,0,1,0,1,1
w0.1735433526011434
0,1,0,1,1,0,1,1
w0.173277456647412
1,0,1,0,1,1,1,1
w0.1734104046242635
0,1,0,1,1,1,0,1
a200.21084971098264
sFlash II
0,0,0,0,1,1,1,0
w0.08685549132951564
1,1,1,1,1,1,1,0
w0.08670520231211754
0,0,0,0,1,1,1,0
w0.08670520231214596
1,1,1,1,1,1,1,0
w0.08655491329480469
1,1,1,1,1,1,0,1
w0.1734104046242635
1,1,1,1,1,0,1,1
w0.17356069364163318
0,0,0,0,1,0,1,1
w0.08670520231214596
1,1,1,1,1,0,1,1
w0.08655491329477627
0,0,0,0,0,1,1,1
w0.08685549132948722
1,1,1,1,0,1,1,1
a201.59813294797686
sOmoi ga kasanaru made...
sSnow Drums (bp-bbp bpb-bp)
1,0,1,0,1,0,1,1
w0.17527745664739314
1,1,1,1,1,0,1,1
w0.17341040462429191
0,1,0,1,0,1,1,1
w0.1734104046242635
1,1,1,1,0,1,0,1
w0.17341040462429191
1,0,1,0,1,1,0,0
w0.08670520231214596
1,1,1,1,1,1,0,0
w0.08670520231211754
1,0,1,0,1,1,1,0
w0.1734104046242635
0,1,0,1,0,0,1,1
w0.17341040462429191
1,1,1,1,0,1,0,1
w0.17341040462429191
1,0,1,0,1,0,0,1
w0.1734104046242635
1,1,1,1,1,0,1,1
w0.17341040462429191
0,1,0,1,1,1,1,0
w0.1734104046242635
1,0,1,0,1,0,1,0
w0.1734104046242635
1,1,1,1,1,0,0,1
w0.17341040462429191
1,0,1,0,1,1,0,1
w0.1734104046242635
0,1,0,1,0,0,1,1
w0.17341040462429191
1,1,1,1,0,0,1,1
a204.374
sSnow Drums (bp-bbp bp-alt)
1,0,1,0,1,1,0,0
w0.1734104046242635
1,1,1,1,1,1,0,0
w0.17341040462429191
0,1,0,1,1,0,1,1
w0.1734104046242635
1,1,1,1,0,1,0,1
w0.17341040462429191
1,0,1,0,0,1,0,1
w0.08670520231214596
1,1,1,1,0,1,0,1
w0.08670520231211754
1,0,1,0,0,1,1,1
w0.1734104046242635
0,1,0,1,0,1,0,1
w0.17341040462429191
1,1,1,1,0,1,0,1
w0.17341040462429191
1,0,1,0,0,1,1,0
w0.1734104046242635
1,1,1,1,0,1,1,0
w0.17341040462429191
0,1,0,1,0,1,0,1
w0.1734104046242635
1,1,1,0,0,1,0,1
w0.08670520231214596
1,0,1,1,0,1,0,1
w0.08670520231214596
1,1,1,0,1,0,1,1
w0.1734104046242635
1,0,1,1,1,0,1,1
w0.1734104046242635
0,1,0,1,0,1,1,1
w0.17341040462429191
1,0,1,0,0,1,1,1
w0.08670520231214596
1,1,1,1,0,1,1,1
a207.149
sSnow Drums (bp-bbp bpb-bp)
smatezu ni kuyashii kedo sukitte junjou
1,0,1,0,1,1,1,0
w0.1734104046242635
1,1,1,1,1,1,1,0
w0.08670520231214596
1,1,1,1,1,1,1,1
w0.08670520231214596
0,1,0,1,0,1,1,0
w0.1734104046242635
1,1,1,1,0,1,0,1
w0.17341040462429191
1,0,1,0,1,1,0,0
w0.08670520231214596
1,1,1,1,1,1,0,0
w0.08670520231211754
1,0,1,0,1,1,0,0
w0.1734104046242635
0,1,0,1,0,0,1,1
w0.17341040462429191
1,1,1,1,1,1,0,0
w0.1734104046242635
1,0,1,0,1,0,0,1
w0.17341040462429191
1,1,1,1,1,0,0,1
w0.17341040462429191
0,1,0,1,1,0,0,1
w0.1734104046242635
1,0,1,0,1,1,0,0
w0.1734104046242635
1,1,1,1,1,1,1,0
w0.17341040462429191
1,0,1,0,1,1,0,1
w0.1734104046242635
0,1,0,1,0,1,0,1
w0.17341040462429191
1,1,1,1,1,0,1,1
a209.92356647398842
sSnow Drums (bp-bbp bbpb-bp)
1,0,1,0,1,1,0,0
w0.17384393063585435
1,1,1,1,1,1,0,0
w0.17297687861272948
0,1,0,1,1,1,0,1
w0.1734104046242635
1,1,1,1,1,0,1,0
w0.08670520231214596
1,1,1,1,1,1,1,0
w0.08670520231214596
1,0,1,0,1,0,1,0
w0.08713872832370839
1,1,1,1,1,0,1,0
w0.0862716763005551
1,0,1,0,1,0,0,1
w0.08670520231214596
1,0,1,0,1,1,0,1
w0.08670520231211754
0,1,0,1,1,0,1,1
w0.17341040462429191
1,1,1,1,0,1,0,1
w0.1734104046242635
1,0,1,0,1,0,1,0
w0.08713872832373681
1,1,1,1,1,0,1,0
w0.08670520231211754
1,0,1,0,1,0,1,0
w0.17297687861272948
0,1,0,1,1,1,0,1
w0.1734104046242635
1,0,1,0,0,0,1,1
w0.17384393063582593
1,1,1,1,0,0,1,1
w0.08627167630058352
1,1,1,1,0,1,1,1
w0.08670520231214596
1,0,1,0,1,0,0,1
w0.1734104046242635
0,1,0,1,1,1,0,0
w0.08713872832373681
0,1,1,1,1,1,0,0
w0.0862716763005551
1,1,0,1,1,1,1,0
w0.08670520231214596
0,1,1,1,1,1,1,1
a212.68
sBinetsu no naka tameratte mo dame da ne
sNearing the End Drums
0,0,1,0,1,1,1,0
w0.018566473988443022
1,0,1,0,1,1,1,0
w0.15484393063582047
1,1,1,1,1,1,1,0
w0.17341040462429191
1,1,1,1,0,1,1,1
w0.1734104046242635
1,0,1,0,0,1,1,0
w0.1734104046242635
0,1,0,1,1,0,1,0
w0.17341040462429191
1,1,1,1,0,0,1,1
w0.17341040462429191
1,1,1,1,0,1,0,1
w0.1734104046242635
1,0,1,0,1,1,0,1
w0.1734104046242635
1,1,1,1,1,0,1,0
w0.17341040462429191
0,1,0,1,1,0,1,0
w0.1734104046242635
1,1,1,1,1,1,0,1
w0.17341040462429191
1,0,1,0,1,0,1,0
w0.1734104046242635
0,1,0,1,1,0,1,0
w0.17341040462429191
1,1,1,1,1,0,0,1
w0.17341040462429191
1,0,1,0,1,0,0,1
w0.1734104046242635
1,1,1,1,1,0,1,1
w0.1734104046242635
1,0,1,0,1,1,0,1
w0.17341040462429191
1,1,1,1,1,1,0,1
w0.17341040462429191
1,1,1,1,1,0,1,1
w0.08670520231214596
1,1,1,1,1,1,1,1
w0.08670520231211754
1,0,1,0,1,0,1,0
w0.1734104046242635
0,1,0,1,1,1,0,0
w0.17341040462429191
1,1,1,1,1,0,0,1
w0.17341040462429191
1,1,1,1,0,0,1,1
w0.08670520231214596
1,1,1,1,1,0,1,1
w0.08670520231211754
1,0,1,0,0,1,1,1
w0.08670520231214596
1,0,1,0,1,1,1,1
w0.08670520231211754
1,1,1,1,0,0,1,1
w0.17341040462429191
0,1,0,1,0,1,1,0
w0.1734104046242635
1,1,1,1,1,0,1,1
w0.17341040462429191
1,0,1,0,0,1,0,1
w0.1734104046242635
0,1,0,1,0,1,0,1
w0.17341040462429191
1,1,1,1,1,1,0,1
w0.17341040462429191
1,0,1,0,1,1,0,1
w0.1734104046242635
1,1,1,1,1,1,1,1
a218.229
s(Finale) Tobikomu yuuki ni sansei mamonaku Start!!
1,0,1,0,0,1,1,1
w0.1735433526011434
1,1,1,1,0,1,1,1
w0.08657225433526605
1,1,1,1,1,1,1,1
w0.08670520231214596
1,1,1,1,0,1,1,1
w0.1734104046242635
1,0,1,0,0,0,1,1
w0.1734104046242635
0,1,0,1,0,1,0,1
w0.17341040462429191
1,1,1,1,1,0,1,0
w0.3468208092485554
1,0,1,0,1,1,0,1
w0.08683815028902586
1,1,1,1,1,1,0,1
w0.08657225433526605
0,0,0,0,1,0,0,1
w0.08670520231214596
1,1,1,1,1,1,0,1
w0.08670520231211754
0,0,0,0,1,0,0,1
w0.08670520231214596
1,1,1,1,1,1,1,1
w0.08670520231214596
1,1,1,1,1,1,0,1
w0.1734104046242635
1,1,1,1,1,0,1,1
w0.3468208092485554
1,1,1,1,1,1,0,1
w0.26011560693640945
1,1,1,1,1,1,1,1
w0.08670520231214596
1,1,1,1,1,1,0,1
w0.17341040462429191
1,1,1,1,0,1,0,1
a221.022
sSnow Drums (bp-bbp bpb-bp)
1,0,1,0,0,1,0,1
w0.1734104046242635
1,1,1,1,0,1,0,1
w0.15497687861275722
1,1,1,1,1,1,0,1
w0.018433526011534695
0,1,0,1,1,1,0,1
w0.1549768786127288
0,1,0,1,1,0,0,1
w0.018433526011534695
1,1,1,1,1,0,0,1
w0.17341040462429191
1,0,1,0,1,0,0,1
w0.08670520231214596
1,1,1,1,1,0,0,1
w0.06827167630058284
1,1,1,1,1,1,0,1
w0.018433526011534695
1,0,1,0,1,1,0,1
w0.1734104046242635
0,1,0,1,1,1,0,1
w0.17341040462429191
1,1,1,1,1,1,0,1
w0.06827167630061126
1,1,1,1,1,1,1,1
w0.08670520231214596
1,1,1,1,0,1,1,1
w0.018433526011534695
1,0,1,0,0,1,1,1
w0.1734104046242635
1,1,1,1,0,1,1,1
w0.15497687861275722
1,1,1,1,1,1,1,1
w0.018433526011534695
0,1,0,1,1,1,1,1
w0.1549768786127288
0,1,0,1,0,0,1,1
w0.018433526011534695
1,0,1,0,0,0,1,1
w0.1549768786127288
1,0,1,0,1,0,1,0
w0.018433526011534695
1,1,1,1,1,0,1,0
w0.15497687861275722
1,1,1,1,1,1,0,1
w0.018433526011534695
1,0,1,0,1,1,0,1
w0.1549768786127288
1,0,1,0,1,0,1,1
w0.018433526011534695
0,1,0,1,1,0,1,1
w0.15497687861275722
0,1,0,1,1,1,0,1
w0.018433526011534695
1,1,1,1,1,1,0,1
a223.796
sFinale Accomp
sSnow Drums (bp-bbp bp-alt)
1,0,1,0,1,0,0,1
w0.1734104046242635
1,1,1,1,1,0,0,1
w0.17341040462429191
0,1,0,1,1,1,0,1
w0.1734104046242635
1,1,1,1,0,1,0,0
w0.17341040462429191
1,0,1,0,0,1,0,0
w0.08670520231214596
1,1,1,1,0,1,0,0
w0.08670520231211754
1,0,1,0,1,0,0,1
w0.1734104046242635
0,1,0,1,1,0,0,1
w0.17341040462429191
1,1,1,1,1,1,0,1
w0.17341040462429191
1,0,1,0,1,1,0,0
w0.1734104046242635
1,1,1,1,0,1,0,1
w0.1734104046242635
0,1,0,1,1,0,0,1
w0.17341040462429191
1,1,1,0,1,1,0,0
w0.08670520231214596
1,0,1,1,1,1,0,1
w0.08670520231214596
1,1,1,0,1,1,0,0
w0.1734104046242635
1,0,1,1,0,1,0,1
w0.1734104046242635
0,1,0,1,1,0,0,1
w0.17341040462429191
1,0,1,0,1,1,0,0
w0.08670520231214596
1,1,1,1,1,1,0,0
a226.5705664739884
sFinale Accomp cont.
sSnow Drums (bp-bbp bpb-bp)
1,0,1,0,1,0,0,1
w0.17384393063585435
1,1,1,1,1,0,0,1
w0.17341040462429191
0,1,0,1,1,1,0,1
w0.1734104046242635
1,1,1,1,1,1,0,0
w0.17341040462429191
1,0,1,0,1,1,0,0
w0.08670520231214596
1,1,1,1,1,1,0,0
w0.08670520231211754
1,0,1,0,1,1,0,1
w0.1734104046242635
0,1,0,1,1,1,0,1
w0.17341040462429191
1,1,1,1,1,1,0,1
w0.1551098265896087
1,1,1,1,1,1,1,1
w0.018300578034683213
1,0,1,0,1,0,1,1
w0.1734104046242635
1,1,1,1,1,0,1,1
w0.17341040462429191
0,1,0,1,1,1,1,1
w0.1734104046242635
1,0,1,0,1,1,0,1
w0.1734104046242635
1,1,1,1,1,1,0,1
w0.17341040462429191
1,0,1,0,1,1,1,1
w0.1734104046242635
0,1,0,1,1,1,1,1
w0.17341040462429191
1,1,1,1,1,1,1,1
a229.345
sSnow Drums (bp-bbp bbpb-bp)
1,0,1,0,0,1,1,1
w0.1734104046242635
1,1,1,1,0,1,1,1
w0.17341040462429191
0,1,0,1,1,1,1,1
w0.1734104046242635
1,1,1,1,1,0,1,0
w0.17341040462429191
1,0,1,0,1,0,1,0
w0.08670520231214596
1,1,1,1,1,0,1,0
w0.08670520231211754
1,0,1,0,1,1,1,1
w0.1734104046242635
0,1,0,1,1,1,1,1
w0.17341040462429191
1,1,1,1,1,1,1,1
w0.17341040462429191
1,0,1,0,0,1,0,1
w0.08670520231214596
1,1,1,1,0,1,0,1
w0.08670520231211754
1,0,1,0,0,1,0,1
w0.1734104046242635
0,1,0,1,1,1,1,1
w0.17341040462429191
1,0,1,0,1,0,1,1
w0.1734104046242635
1,1,1,1,1,0,1,1
w0.17341040462429191
1,0,1,0,0,1,0,1
w0.1734104046242635
0,1,0,1,1,0,1,0
w0.08670520231217438
0,1,1,1,1,0,1,0
w0.08670520231211754
1,1,0,1,1,1,1,1
w0.08670520231214596
0,1,1,1,1,1,1,1
a232.11956647398844
sSnow Drums (Finale flairs)
sSnow Drums (Finale)
sThe end?
1,0,1,0,1,0,1,0
w0.17384393063582593
1,1,1,1,1,1,1,1
w0.17341040462429191
0,1,0,1,1,0,1,0
w0.1734104046242635
1,1,1,1,1,1,1,1
w0.17341040462429191
1,0,1,0,1,0,1,0
w0.1734104046242635
1,1,1,1,1,1,1,1
w0.17341040462429191
0,1,0,1,1,0,1,0
w0.1734104046242635
1,1,1,1,1,1,1,1
w0.17341040462429191
1,0,1,0,0,1,0,1
w0.1734104046242635
1,1,1,1,1,1,1,1
w0.17341040462429191
0,1,0,1,0,1,0,1
w0.1734104046242635
1,1,1,1,1,1,1,1
w0.17341040462429191
1,0,1,0,1,0,0,1
w0.1734104046242635
1,1,1,1,1,1,1,1
w0.17341040462429191
0,1,0,1,1,0,0,1
w0.1734104046242635
1,1,1,1,1,1,1,1
w0.17341040462429191
1,0,1,0,0,1,1,0
w0.1734104046242635
1,1,1,1,1,1,1,1
w0.17341040462429191
0,1,0,1,0,1,1,0
w0.1734104046242635
1,1,1,1,1,1,1,1
w0.17341040462429191
1,0,1,0,1,0,1,0
w0.1734104046242635
1,1,1,1,1,1,1,1
w0.17341040462429191
0,1,0,1,1,0,1,0
w0.1734104046242635
1,1,1,1,1,1,1,1
w0.17341040462429191
1,0,1,0,1,1,0,0
w0.1734104046242635
1,1,1,1,1,1,1,1
w0.17341040462429191
0,1,0,1,1,0,1,0
w0.1734104046242635
1,1,1,1,1,1,1,1
w0.17341040462429191
1,0,1,0,0,1,0,1
w0.08670520231214596
1,0,0,0,0,1,0,1
w0.08670520231211754
0,1,1,1,1,1,1,1
w0.08670520231214596
1,1,1,1,1,1,1,1
w0.08670520231214596
0,1,0,1,0,0,1,1
w0.08670520231211754
0,1,0,0,0,0,1,1
w0.08670520231214596
1,0,1,1,1,1,1,1
w0.08670520231214596
1,1,1,1,1,1,1,1
w0.08670520231214596
1,0,1,0,1,0,1,0
w0.1734104046242635
1,1,1,1,1,1,1,1
w0.17341040462429191
0,1,0,1,1,0,1,0
w0.1734104046242635
1,1,1,1,1,1,1,1
w0.17341040462429191
1,0,1,0,1,0,1,0
w0.1734104046242635
1,1,1,1,1,1,1,1
w0.17341040462429191
0,1,0,1,1,0,1,0
w0.1734104046242635
1,1,1,1,1,1,1,1
w0.17341040462429191
1,0,1,0,1,0,0,1
w0.1734104046242635
1,1,1,1,1,1,1,1
w0.17341040462429191
0,1,0,1,1,0,0,1
w0.1734104046242635
1,1,1,1,1,1,1,1
w0.17341040462429191
1,0,1,0,0,1,1,0
w0.1734104046242635
1,1,1,1,1,1,1,1
w0.17341040462429191
0,1,0,1,0,1,1,0
w0.1734104046242635
1,1,1,1,1,1,1,1
w0.17341040462429191
1,0,1,0,0,1,0,1
w0.1734104046242635
1,1,1,1,1,1,1,1
w0.17341040462429191
0,1,0,1,0,1,0,1
w0.1734104046242635
1,1,1,1,1,1,1,1
w0.17341040462429191
1,0,1,0,0,1,0,1
w0.1734104046242635
1,1,1,1,1,1,1,1
w0.17341040462429191
0,1,0,1,0,1,0,1
w0.1734104046242635
1,1,1,1,1,1,1,1
w0.17341040462429191
0,0,0,0,1,0,1,0
w0.08670520231214596
1,1,1,1,1,1,1,1
w0.08670520231211754
0,0,0,0,1,0,1,0
w0.08670520231214596
1,1,1,1,1,1,1,1
w0.43352601156070136
0,1,0,1,0,1,0,1
w0.08670520231214596
1,1,1,1,1,1,1,1
w0.08670520231211754
1,0,1,0,1,0,0,1
w0.08670520231214596
1,1,1,1,1,1,1,1
a243.55
sEnding
sYeah. The end.
1,0,1,1,0,1,0,1
w0.1734104046242635
1,1,1,1,0,1,0,1
w0.17341040462429191
0,1,1,1,0,1,0,1
w0.1734104046242635
1,1,1,1,0,1,0,1
w0.17341040462429191
1,1,1,0,0,1,0,1
w0.1734104046242635
1,1,1,1,0,1,0,1
w0.17341040462429191
1,1,0,1,0,1,0,1
w0.1734104046242635
1,1,1,1,0,1,0,1
w0.17341040462429191
1,0,1,1,0,1,0,1
w0.1734104046242635
1,1,1,1,0,1,0,1
w0.17341040462429191
0,1,1,1,0,1,0,1
w0.1734104046242635
1,1,1,1,0,1,0,1
w0.17341040462429191
1,1,1,0,0,1,0,1
w0.1734104046242635
1,1,1,1,0,1,0,1
w0.17341040462429191
1,1,0,1,0,1,0,1
w0.1734104046242635
1,1,1,1,0,1,0,1
w0.17341040462429191
1,0,1,1,0,1,0,1
w0.1734104046242635
1,1,1,1,0,1,0,1
w0.17341040462429191
0,1,1,1,0,1,0,1
w0.1734104046242635
1,1,1,1,0,1,0,1
w0.17341040462429191
1,1,1,0,1,1,1,1
w0.08670520231214596
1,1,1,0,0,1,1,1
w0.0693641618497054
1,1,1,0,1,0,1,1
w0.01734104046241214
1,1,1,1,1,0,1,1
w0.05202312138729326
1,1,1,1,1,1,0,1
w0.0693641618497054
1,1,1,1,1,1,1,0
w0.05202312138729326
1,1,0,1,1,1,1,0
w0.01734104046241214
1,1,0,1,1,1,1,1
w0.15606936416185135
1,1,1,1,1,1,1,1
w0.17341040462429191
1,0,1,1,1,1,1,1
w0.1734104046242635
1,1,1,1,1,1,1,1
w0.17341040462429191
0,1,1,1,1,1,1,1
w0.1734104046242635
1,1,1,1,1,1,1,1
w0.17341040462429191
1,1,1,0,1,1,1,1
w0.1734104046242635
1,1,1,1,1,1,1,1
w0.17341040462429191
1,1,0,1,1,1,1,1
w0.1734104046242635
1,1,1,1,1,1,1,1
w0.17341040462429191
1,0,1,1,1,1,1,1
w0.1734104046242635
1,1,1,1,1,1,1,1
w0.17341040462429191
0,1,1,1,1,1,1,1
w0.1734104046242635
1,1,1,1,1,1,1,1
w0.17341040462429191
1,1,1,0,1,1,1,1
w0.1734104046242635
1,1,1,1,1,1,1,1
w0.17341040462429191
1,1,0,1,1,1,1,1
w0.1734104046242635
1,1,1,1,1,1,1,1
w0.17341040462429191
1,0,1,1,1,1,1,1
w0.1734104046242635
1,1,1,1,1,1,1,1
