w0
1,1,1,1,1,1,1,1
a0.314
sJingle
1,1,1,1,0,1,1,0
w0.20394289598912302
1,1,1,1,1,0,0,1
w0.20394289598912307
1,1,1,1,0,1,1,0
w0.20394289598912307
1,1,1,1,1,1,1,0
w0.20394289598912296
1,1,1,1,0,1,1,0
w0.20394289598912296
1,1,1,1,1,0,0,1
w0.20394289598912319
1,1,1,1,0,1,1,0
w0.20394289598912296
1,1,1,1,1,1,1,0
w0.20394289598912319
1,1,1,1,0,1,1,0
w0.20394289598912319
1,1,1,1,1,0,0,1
w0.20394289598912296
1,1,1,1,0,1,1,0
w0.20394289598912296
1,1,1,1,1,1,0,1
w0.20394289598912296
1,1,1,1,0,1,1,0
w0.20394289598912296
1,1,1,1,1,0,0,1
w0.2039428959891234
1,1,1,1,0,1,1,0
w0.20394289598912296
1,1,1,1,0,1,1,1
w0.20394289598912296
1,1,1,1,0,1,1,0
w0.20394289598912296
1,1,1,1,1,0,0,1
w0.20394289598912296
1,1,1,1,0,1,1,0
w0.20394289598912296
1,1,1,1,0,1,1,1
w0.2039428959891234
1,1,1,1,0,1,1,0
w0.2039428959891234
1,1,1,1,1,0,0,1
w0.20394289598912252
1,1,1,1,0,1,1,0
w0.2039428959891234
1,1,1,1,1,0,1,1
a5.186
sAscend
sFlash
0,0,0,0,0,0,1,1
w0.022629503738953893
0,0,0,0,0,1,1,1
w0.18131339225016951
1,1,1,1,1,0,1,1
w0.20394289598912252
1,1,1,1,1,1,0,1
w0.2039428959891234
1,1,1,1,1,1,1,0
w0.20394289598912252
1,1,1,1,0,1,1,1
w0.2039428959891234
1,1,1,1,1,0,1,1
w0.2039428959891234
1,1,1,1,1,1,0,1
w0.20394289598912252
1,1,1,1,1,1,1,0
a6.81
sJingle
1,1,1,1,0,1,1,0
w0.2039428959891234
1,1,1,1,1,0,0,1
w0.20394289598912252
1,1,1,1,0,1,1,0
w0.2039428959891234
1,1,1,1,1,1,1,0
w0.20394289598912252
1,1,1,1,0,1,1,0
w0.2039428959891234
1,1,1,1,1,0,0,1
w0.20394289598912252
1,1,1,1,0,1,1,0
w0.20394289598912252
1,1,1,1,1,1,1,0
w0.2039428959891243
1,1,1,1,0,1,1,0
w0.20394289598912252
1,1,1,1,1,0,0,1
w0.20394289598912252
1,1,1,1,0,1,1,0
w0.2039428959891243
1,1,1,1,1,1,0,1
w0.20394289598912252
1,1,1,1,0,1,1,0
w0.20394289598912252
1,1,1,1,1,0,0,1
w0.20394289598912252
1,1,1,1,0,1,1,0
w0.2039428959891243
1,1,1,1,0,1,1,1
w0.20394289598912252
1,1,1,1,0,1,1,0
w0.20394289598912252
1,1,1,1,1,0,0,1
w0.2039428959891243
1,1,1,1,0,1,1,0
w0.20394289598912252
1,1,1,1,0,1,1,1
w0.20394289598912252
1,1,1,1,0,1,1,0
w0.20394289598912252
1,1,1,1,1,0,0,1
w0.2039428959891243
1,1,1,1,0,1,1,0
w0.20394289598912252
1,1,1,1,1,0,1,1
a11.619
sDescend
sFlash
0,0,0,0,1,0,1,1
w0.08562950373895362
0,0,0,0,1,1,1,1
w0.1183133922501689
1,1,1,1,0,1,1,1
w0.20394289598912252
1,1,1,1,1,0,1,1
w0.2039428959891243
1,1,1,1,1,1,0,1
w0.20394289598912252
1,1,1,1,1,1,1,0
w0.20394289598912252
1,1,1,1,1,1,0,1
w0.2039428959891243
1,1,1,1,1,0,1,1
w0.20394289598912252
1,1,1,1,0,1,1,1
a13.250543167912983
sJingle
sRockout
1,0,1,0,0,1,1,0
w0.2053997280761397
1,1,1,1,1,0,0,1
w0.20394289598912252
0,1,0,1,0,1,1,0
w0.2039428959891243
1,1,1,1,1,1,1,0
w0.20394289598912252
1,0,1,0,0,1,1,0
w0.20394289598912252
1,1,1,1,1,0,0,1
w0.20394289598912252
0,1,0,1,0,1,1,0
w0.2039428959891243
1,1,1,1,1,1,1,0
w0.20394289598912252
1,0,1,0,0,1,1,0
w0.20394289598912252
1,1,1,1,1,0,0,1
w0.2039428959891243
0,1,0,1,0,1,1,0
w0.20394289598912252
1,1,1,1,1,1,0,1
w0.20394289598912252
1,0,1,0,0,1,1,0
w0.20394289598912252
1,1,1,1,1,0,0,1
w0.20394289598912607
0,1,0,1,0,1,1,0
w0.20394289598912252
1,1,1,1,0,1,1,1
w0.20394289598912252
1,0,1,0,0,1,1,0
w0.20394289598912252
1,1,1,1,1,0,0,1
w0.20394289598912252
0,1,0,1,0,1,1,0
w0.20394289598912252
1,1,1,1,0,1,1,1
w0.20394289598912252
1,0,1,0,0,1,1,0
w0.20394289598912252
1,1,1,1,1,0,0,1
w0.20394289598912607
0,1,0,1,0,1,1,0
w0.20394289598912252
1,1,1,1,1,0,1,1
a18.11
sAscend
sFlash
0,0,0,0,0,0,1,1
w0.03662950373895413
0,0,0,0,0,1,1,1
w0.1673133922501684
1,1,1,1,1,0,1,1
w0.20394289598912252
1,1,1,1,1,1,0,1
w0.20394289598912252
1,1,1,1,1,1,1,0
w0.20394289598912252
1,1,1,1,0,1,1,1
w0.20394289598912607
1,1,1,1,1,0,1,1
w0.20394289598912252
1,1,1,1,1,1,0,1
w0.20394289598912252
1,1,1,1,1,1,1,0
a19.741543167912983
sJingle
sRockout
1,0,1,0,0,1,1,0
w0.20639972807613916
1,1,1,1,1,0,0,1
w0.20394289598912252
0,1,0,1,0,1,1,0
w0.20394289598912252
1,1,1,1,1,1,1,0
w0.20394289598912252
1,0,1,0,0,1,1,0
w0.20394289598912607
1,1,1,1,1,0,0,1
w0.20394289598912252
0,1,0,1,0,1,1,0
w0.20394289598912252
1,1,1,1,1,1,1,0
w0.20394289598912252
1,0,1,0,0,1,1,0
w0.20394289598912252
1,1,1,1,1,0,0,1
w0.20394289598912252
0,1,0,1,0,1,1,0
w0.20394289598912607
1,1,1,1,1,1,0,1
w0.20394289598912252
1,0,1,0,0,1,1,0
w0.20394289598912252
1,1,1,1,1,0,0,1
w0.20394289598912252
0,1,0,1,0,1,1,0
w0.20394289598912252
1,1,1,1,0,1,1,1
w0.20394289598912252
1,0,1,0,0,1,1,0
w0.20394289598912252
1,1,1,1,1,0,0,1
w0.20394289598912252
0,1,0,1,0,1,1,0
w0.20394289598912607
1,1,1,1,0,1,1,1
w0.20394289598912252
1,0,1,0,0,1,1,0
w0.20394289598912252
1,1,1,1,1,0,0,1
w0.20394289598912252
0,1,0,1,0,1,1,0
w0.20394289598912252
1,1,1,1,1,0,1,1
a24.581
sC'mon step it up!
sFlash
0,0,0,0,1,0,1,1
w0.057629503738954924
0,0,0,0,1,1,1,1
w0.1463133922501676
1,1,1,1,1,1,1,1
w0.40788579197824504
1,1,1,1,1,1,1,0
w0.06934058463630066
1,1,1,1,1,1,0,1
w0.06934058463630421
1,1,1,1,1,0,1,1
w0.06526172671651764
1,1,1,1,0,1,1,1
w0.20394289598912607
1,1,1,1,1,0,1,1
w0.20394289598912252
1,1,1,1,1,1,0,1
w0.20394289598912252
1,1,1,1,1,1,1,0
a26.202
sC'mon step it up!
sFlash
0,0,0,0,1,1,1,0
w0.010543167912981488
0,0,0,0,1,1,1,1
w0.19339972807614103
1,1,1,1,1,1,1,1
w0.40788579197824504
1,1,1,1,1,1,1,0
w0.06934058463630066
1,1,1,1,1,1,0,1
w0.06934058463630421
1,1,1,1,1,0,1,1
w0.06526172671651764
1,1,1,1,0,1,1,1
w0.20394289598912607
1,1,1,1,1,0,1,1
w0.20394289598912252
1,1,1,1,1,1,0,1
w0.20394289598912252
1,1,1,1,1,1,1,0
a27.813
sFlash
sKONO DIO DA
sThis is the end!
0,0,0,0,1,1,1,0
w0.020543167912986604
0,0,0,0,1,1,1,1
w0.18339972807613591
1,1,1,1,1,1,1,1
w0.40788579197824504
1,0,1,0,1,1,1,1
w0.20394289598912252
0,1,0,1,1,1,1,1
w0.20394289598912607
1,1,1,1,1,1,1,1
w0.40788579197824504
1,0,1,0,1,1,1,1
w0.20394289598912252
0,1,0,1,1,1,1,0
w0.20394289598912252
1,0,1,0,1,1,1,0
w0.20394289598912252
0,1,0,1,1,1,0,1
w0.20394289598912252
1,0,1,0,1,1,0,1
w0.20394289598912252
0,1,0,1,1,0,1,1
w0.20394289598912607
1,0,1,0,1,0,1,1
w0.20394289598912252
0,1,0,1,0,1,1,1
w0.20394289598912252
1,0,1,0,0,1,1,1
a31.065
sCascade
sJingle
1,0,1,0,0,1,1,0
w0.011086335825964966
1,1,1,0,0,1,1,0
w0.0908851121685963
1,1,0,1,0,1,1,0
w0.10197144799456126
1,0,1,1,1,0,0,1
w0.10197144799456126
0,1,1,1,1,0,0,1
w0.10197144799456126
1,1,1,0,0,1,1,0
w0.10197144799456126
0,1,1,1,0,1,1,0
w0.10197144799456126
1,0,1,1,1,1,1,0
w0.10197144799456126
1,1,0,1,1,1,1,0
w0.10197144799456126
1,1,1,0,0,1,1,0
w0.10197144799456481
1,1,0,1,0,1,1,0
w0.10197144799456126
1,0,1,1,1,0,0,1
w0.1019714479945577
0,1,1,1,1,0,0,1
w0.10197144799456481
1,1,1,0,0,1,1,0
w0.10197144799456481
0,1,1,1,0,1,1,0
w0.1019714479945577
1,0,1,1,1,1,1,0
w0.10197144799456481
1,1,0,1,1,1,1,0
w0.1019714479945577
1,1,1,0,0,1,1,0
w0.10197144799456481
1,1,0,1,0,1,1,0
w0.1019714479945577
1,0,1,1,1,0,0,1
w0.10197144799456481
0,1,1,1,1,0,0,1
w0.1019714479945577
1,1,1,0,0,1,1,0
w0.10197144799456481
0,1,1,1,0,1,1,0
w0.1019714479945577
1,0,1,1,1,1,0,1
w0.10197144799456481
1,1,0,1,1,1,0,1
w0.1019714479945577
1,1,1,0,0,1,1,0
w0.10197144799456481
1,1,0,1,0,1,1,0
w0.1019714479945577
1,0,1,1,1,0,0,1
w0.10197144799456481
0,1,1,1,1,0,0,1
w0.1019714479945577
1,1,1,0,0,1,1,0
w0.10197144799456481
0,1,1,1,0,1,1,0
w0.10197144799456481
1,0,1,1,0,1,1,1
w0.1019714479945577
1,1,0,1,0,1,1,1
w0.10197144799456481
1,1,1,0,0,1,1,0
w0.1019714479945577
1,1,0,1,0,1,1,0
w0.10197144799456481
1,0,1,1,1,0,0,1
w0.1019714479945577
0,1,1,1,1,0,0,1
w0.10197144799456481
1,1,1,0,0,1,1,0
w0.1019714479945577
0,1,1,1,0,1,1,0
w0.10197144799456481
1,0,1,1,0,1,1,1
w0.1019714479945577
1,1,0,1,0,1,1,1
w0.10197144799456481
1,1,1,0,0,1,1,0
w0.1019714479945577
1,1,0,1,0,1,1,0
w0.10197144799456481
1,0,1,1,1,0,0,1
w0.10197144799456481
0,1,1,1,1,0,0,1
w0.1019714479945577
1,1,1,0,0,1,1,0
w0.10197144799456481
0,1,1,1,0,1,1,0
w0.1019714479945577
1,0,1,1,1,0,1,1
w0.10197144799456481
1,1,0,1,1,0,1,1
a35.9
sAscend
sFlash
0,0,0,0,0,0,1,1
w0.059629503738953815
0,0,0,0,0,1,1,1
w0.1443133922501687
1,1,1,1,1,0,1,1
w0.20394289598912252
1,1,1,1,1,1,0,1
w0.20394289598912252
1,1,1,1,1,1,1,0
w0.20394289598912252
1,1,1,1,0,1,1,1
w0.20394289598912252
1,1,1,1,1,0,1,1
w0.20394289598912252
1,1,1,1,1,1,0,1
w0.20394289598912252
1,1,1,1,1,1,1,0
a37.505
sCascade
sJingle
1,1,1,0,0,1,1,0
w0.02654316791298328
1,1,1,0,0,1,1,0
w0.07542828008158153
1,1,0,1,0,1,1,0
w0.1019714479945577
1,0,1,1,1,0,0,1
w0.10197144799456481
0,1,1,1,1,0,0,1
w0.1019714479945577
1,1,1,0,0,1,1,0
w0.10197144799456481
0,1,1,1,0,1,1,0
w0.1019714479945577
1,0,1,1,1,1,1,0
w0.10197144799456481
1,1,0,1,1,1,1,0
w0.1019714479945577
1,1,1,0,0,1,1,0
w0.10197144799456481
1,1,0,1,0,1,1,0
w0.1019714479945577
1,0,1,1,1,0,0,1
w0.10197144799456481
0,1,1,1,1,0,0,1
w0.1019714479945577
1,1,1,0,0,1,1,0
w0.10197144799456481
0,1,1,1,0,1,1,0
w0.1019714479945577
1,0,1,1,1,1,1,0
w0.10197144799456481
1,1,0,1,1,1,1,0
w0.10197144799456481
1,1,1,0,0,1,1,0
w0.1019714479945577
1,1,0,1,0,1,1,0
w0.10197144799456481
1,0,1,1,1,0,0,1
w0.1019714479945577
0,1,1,1,1,0,0,1
w0.10197144799456481
1,1,1,0,0,1,1,0
w0.1019714479945577
0,1,1,1,0,1,1,0
w0.10197144799456481
1,0,1,1,1,1,0,1
w0.1019714479945577
1,1,0,1,1,1,0,1
w0.10197144799456481
1,1,1,0,0,1,1,0
w0.1019714479945577
1,1,0,1,0,1,1,0
w0.10197144799456481
1,0,1,1,1,0,0,1
w0.10197144799456481
0,1,1,1,1,0,0,1
w0.1019714479945577
1,1,1,0,0,1,1,0
w0.10197144799456481
0,1,1,1,0,1,1,0
w0.1019714479945577
1,0,1,1,0,1,1,1
w0.10197144799456481
1,1,0,1,0,1,1,1
w0.1019714479945577
1,1,1,0,0,1,1,0
w0.10197144799456481
1,1,0,1,0,1,1,0
w0.1019714479945577
1,0,1,1,1,0,0,1
w0.10197144799456481
0,1,1,1,1,0,0,1
w0.1019714479945577
1,1,1,0,0,1,1,0
w0.10197144799456481
0,1,1,1,0,1,1,0
w0.1019714479945577
1,0,1,1,0,1,1,1
w0.10197144799456481
1,1,0,1,0,1,1,1
w0.1019714479945577
1,1,1,0,0,1,1,0
w0.10197144799456481
1,1,0,1,0,1,1,0
w0.1019714479945577
1,0,1,1,1,0,0,1
w0.10197144799456481
0,1,1,1,1,0,0,1
w0.10197144799456481
1,1,1,0,0,1,1,0
w0.1019714479945577
0,1,1,1,0,1,1,0
w0.10197144799456481
1,0,1,1,1,0,1,1
w0.1019714479945577
1,1,0,1,1,0,1,1
a42.365
sC'mon step it up!
sFlash
0,0,0,0,1,0,1,1
w0.034629503738955236
0,0,0,0,1,1,1,1
w0.16931339225016728
1,1,1,1,1,1,1,1
w0.40788579197824504
1,1,1,1,1,1,1,0
w0.06934058463630066
1,1,1,1,1,1,0,1
w0.06934058463630066
1,1,1,1,1,0,1,1
w0.0652617267165212
1,1,1,1,0,1,1,1
w0.20394289598912252
1,1,1,1,1,0,1,1
w0.20394289598912252
1,1,1,1,1,1,0,1
w0.20394289598912252
1,1,1,1,1,1,1,0
a43.97
sC'mon step it up!
sFlash
0,0,0,0,1,1,1,0
w0.026543167912990384
0,0,0,0,1,1,1,1
w0.17739972807613213
1,1,1,1,1,1,1,1
w0.40788579197824504
1,1,1,1,1,1,1,0
w0.06934058463630066
1,1,1,1,1,1,0,1
w0.06934058463630066
1,1,1,1,1,0,1,1
w0.0652617267165212
1,1,1,1,0,1,1,1
w0.20394289598912252
1,1,1,1,1,0,1,1
w0.20394289598912252
1,1,1,1,1,1,0,1
w0.20394289598912252
1,1,1,1,1,1,1,0
a45.6
sFlash
sThis is the end!
sTransition to rift...
0,0,0,0,1,1,1,1
w0.20394289598912252
1,1,1,1,1,1,1,1
w0.40788579197824504
1,0,1,0,1,1,1,1
w0.20394289598912252
0,1,0,1,1,1,1,1
w0.20394289598912252
1,1,1,1,1,1,1,1
w0.40788579197825214
1,0,1,0,1,1,1,1
w0.20394289598912252
1,1,1,1,1,1,1,0
w0.20394289598912252
1,1,1,1,1,1,1,1
w0.20394289598912252
1,1,1,1,1,1,0,1
w0.20394289598912252
1,1,1,1,1,1,1,1
w0.20394289598912252
1,1,1,1,1,0,1,1
w0.20394289598912252
1,1,1,1,1,1,1,1
w0.20394289598912252
1,1,1,1,0,1,1,1
w0.20394289598912252
1,1,1,1,1,1,1,1
w0.20394289598912252
1,1,1,0,1,1,1,0
w0.20394289598912252
1,1,1,1,1,1,1,1
w0.20394289598912252
1,1,0,1,1,1,0,1
w0.20394289598912252
1,1,1,1,1,1,1,1
w0.20394289598912252
1,0,1,1,1,0,1,1
w0.20394289598912252
1,1,1,1,1,1,1,1
w0.20394289598912962
0,1,1,1,0,1,1,1
w0.20394289598912252
1,1,1,1,1,1,1,1
a50.46
sThe rift...
1,0,1,0,1,1,1,1
w0.20286718961320105
0,1,0,1,1,1,1,1
w0.20286718961320105
1,0,1,0,1,1,1,1
w0.20286718961320105
0,1,0,1,1,1,1,1
w0.20286718961319394
1,0,1,0,1,1,1,1
w0.20286718961320105
0,1,0,1,1,1,1,1
w0.20286718961320105
1,0,1,0,1,1,1,1
w0.20286718961320105
0,1,0,1,1,1,1,1
w0.20286718961320105
1,0,1,0,1,1,1,1
w0.20286718961320105
0,1,0,1,1,1,1,1
w0.20286718961319394
1,0,1,0,1,1,1,1
w0.20286718961320105
0,1,0,1,1,1,1,1
w0.20286718961320105
1,0,1,0,1,1,1,1
w0.20286718961320105
0,1,0,1,1,1,1,1
w0.20286718961320105
1,0,1,0,1,1,1,1
w0.20286718961320105
0,1,0,1,1,1,1,1
w0.20286718961319394
1,0,1,0,1,1,1,1
w0.20286718961320105
0,1,0,1,1,1,1,1
w0.20286718961320105
1,0,1,0,1,1,1,1
w0.20286718961320105
0,1,0,1,1,1,1,1
w0.20286718961320105
1,0,1,0,1,1,1,1
w0.20286718961320105
0,1,0,1,1,1,1,1
w0.20286718961319394
1,0,1,0,1,1,1,1
w0.20286718961320105
0,1,0,1,1,1,1,1
w0.20286718961320105
1,0,1,0,1,1,1,1
w0.20286718961320105
0,1,0,1,1,1,1,1
w0.20286718961320105
1,0,1,0,1,1,1,1
w0.20286718961320105
0,1,0,1,1,1,1,1
w0.20286718961319394
1,0,1,0,1,1,1,1
w0.20286718961320105
0,1,0,1,1,1,1,1
w0.20286718961320105
1,0,1,0,1,1,1,1
w0.20286718961320105
0,1,0,1,1,1,1,1
a56.93
sThe bells...
0,1,0,1,1,1,1,1
w0.021750067622399172
1,0,1,0,1,1,1,1
w0.20286718961320105
0,1,0,1,1,1,1,1
w0.18111712199080188
0,1,0,1,1,1,1,0
w0.021750067622399172
1,0,1,0,1,1,1,0
w0.18111712199080188
1,0,1,0,1,1,0,1
w0.021750067622392066
0,1,0,1,1,1,0,1
w0.18111712199080188
0,1,0,1,1,1,1,0
w0.021750067622399172
1,0,1,0,1,1,1,0
w0.20286718961320105
0,1,0,1,1,1,1,0
w0.18111712199080188
0,1,0,1,1,0,1,1
w0.021750067622399172
1,0,1,0,1,0,1,1
w0.20286718961320105
0,1,0,1,1,0,1,1
w0.18111712199080188
0,1,0,1,1,1,1,1
w0.021750067622392066
1,0,1,0,1,1,1,1
w0.20286718961320105
0,1,0,1,1,1,1,1
w0.18111712199080188
0,1,0,1,1,1,0,1
w0.021750067622399172
1,0,1,0,1,1,0,1
w0.18111712199080188
1,0,1,0,1,0,1,1
w0.021750067622399172
0,1,0,1,1,0,1,1
w0.18111712199080188
0,1,0,1,1,1,0,1
w0.021750067622399172
1,0,1,0,1,1,0,1
w0.20286718961320105
0,1,0,1,1,1,0,1
w0.18111712199080188
0,1,0,1,0,1,1,1
w0.021750067622399172
1,0,1,0,0,1,1,1
w0.20286718961320105
0,1,0,1,0,1,1,1
w0.18111712199080188
0,1,0,1,1,1,1,1
w0.021750067622392066
1,0,1,0,1,1,1,1
w0.20286718961320105
0,1,0,1,1,1,1,1
w0.18111712199080188
0,1,0,1,1,1,1,0
w0.021750067622399172
1,0,1,0,1,1,1,0
w0.18111712199080188
1,0,1,0,1,1,0,1
w0.021750067622399172
0,1,0,1,1,1,0,1
w0.18111712199080188
0,1,0,1,1,1,1,0
w0.021750067622392066
1,0,1,0,1,1,1,0
w0.20286718961320105
0,1,0,1,1,1,1,0
w0.18111712199080188
0,1,0,1,1,0,1,1
w0.021750067622399172
1,0,1,0,1,0,1,1
w0.20286718961320105
0,1,0,1,1,0,1,1
w0.18111712199080188
0,1,0,1,1,1,0,1
w0.021750067622399172
1,0,1,0,1,1,0,1
w0.20286718961320105
0,1,0,1,1,1,0,1
w0.18111712199080188
0,1,0,1,1,0,1,1
w0.021750067622399172
1,0,1,0,1,0,1,1
w0.20286718961320105
0,1,0,1,1,0,1,1
w0.18111712199079477
0,1,0,1,0,1,1,1
w0.021750067622399172
1,0,1,0,0,1,1,1
w0.20286718961320105
0,1,0,1,0,1,1,1
w0.18111712199080188
0,1,0,1,1,0,1,1
w0.021750067622399172
1,0,1,0,1,0,1,1
w0.20286718961320105
0,1,0,1,1,0,1,1
w0.18111712199080188
0,1,0,1,1,1,1,1
w0.021750067622399172
1,0,1,0,1,1,1,1
w0.20286718961319394
0,1,0,1,1,1,1,1
w0.18111712199080898
0,1,0,1,1,1,1,0
w0.021750067622392066
1,0,1,0,1,1,1,0
w0.18111712199080898
1,0,1,0,1,1,0,1
w0.021750067622392066
0,1,0,1,1,1,0,1
w0.18111712199080898
0,1,0,1,1,1,1,0
w0.021750067622392066
1,0,1,0,1,1,1,0
w0.20286718961320105
0,1,0,1,1,1,1,0
w0.18111712199079477
0,1,0,1,1,0,1,1
w0.021750067622406277
1,0,1,0,1,0,1,1
w0.20286718961320105
0,1,0,1,1,0,1,1
w0.18111712199079477
0,1,0,1,1,1,1,1
w0.021750067622406277
1,0,1,0,1,1,1,1
w0.20286718961320105
0,1,0,1,1,1,1,1
w0.18111712199079477
0,1,0,1,1,1,0,1
w0.021750067622406277
1,0,1,0,1,1,0,1
w0.18111712199079477
1,0,1,0,1,0,1,1
w0.021750067622392066
0,1,0,1,1,0,1,1
w0.18111712199080898
0,1,0,1,1,1,0,1
w0.021750067622392066
1,0,1,0,1,1,0,1
w0.20286718961320105
0,1,0,1,1,1,0,1
w0.18111712199080898
0,1,0,1,0,1,1,1
w0.021750067622392066
1,0,1,0,0,1,1,1
w0.20286718961320105
0,1,0,1,0,1,1,1
w0.18111712199080898
0,1,0,1,1,1,1,1
w0.021750067622392066
1,0,1,0,1,1,1,1
w0.20286718961320105
0,1,0,1,1,1,1,1
w0.18111712199080898
0,1,0,1,1,1,1,0
w0.021750067622392066
1,0,1,0,1,1,1,0
w0.18111712199079477
1,0,1,0,1,1,0,1
w0.021750067622406277
0,1,0,1,1,1,0,1
w0.18111712199079477
0,1,0,1,1,1,1,0
w0.021750067622406277
1,0,1,0,1,1,1,0
w0.20286718961320105
0,1,0,1,1,1,1,0
w0.18111712199079477
0,1,0,1,1,0,1,1
w0.021750067622392066
1,0,1,0,1,0,1,1
w0.20286718961320105
0,1,0,1,1,0,1,1
w0.18111712199080898
0,1,0,1,1,1,0,1
w0.021750067622392066
1,0,1,0,1,1,0,1
w0.20286718961320105
0,1,0,1,1,1,0,1
w0.18111712199080898
0,1,0,1,1,0,1,1
w0.021750067622392066
1,0,1,0,1,0,1,1
w0.20286718961320105
0,1,0,1,1,0,1,1
w0.18111712199080898
0,1,0,1,0,1,1,1
w0.021750067622392066
1,0,1,0,0,1,1,1
w0.20286718961320105
0,1,0,1,0,1,1,1
w0.18111712199079477
0,1,0,1,1,0,1,1
w0.021750067622406277
1,0,1,0,1,0,1,1
w0.20286718961320105
0,1,0,1,1,0,1,1
a69.88
sC'mon step it up!
sFlash
0,0,0,0,1,0,1,1
w0.03350013524479323
0,0,0,0,1,1,1,1
w0.021750067622406277
0,0,0,0,1,1,1,1
w0.14869269312193012
1,1,1,1,1,1,1,1
w0.40788579197824504
1,1,1,1,1,1,1,0
w0.06934058463629356
1,1,1,1,1,1,0,1
w0.06934058463630777
1,1,1,1,1,0,1,1
w0.06526172671651409
1,1,1,1,0,1,1,1
w0.20394289598912962
1,1,1,1,1,0,1,1
w0.2039428959891154
1,1,1,1,1,1,0,1
w0.20394289598912962
1,1,1,1,1,1,1,0
a71.47
sC'mon step it up!
sFlash
0,0,0,0,1,1,1,0
w0.04154316791299095
0,0,0,0,1,1,1,1
w0.16239972807613867
1,1,1,1,1,1,1,1
w0.40788579197824504
1,1,1,1,1,1,1,0
w0.06934058463629356
1,1,1,1,1,1,0,1
w0.06934058463630777
1,1,1,1,1,0,1,1
w0.06526172671651409
1,1,1,1,0,1,1,1
w0.20394289598912962
1,1,1,1,1,0,1,1
w0.2039428959891154
1,1,1,1,1,1,0,1
w0.20394289598912962
1,1,1,1,1,1,1,0
a73.095
sFlash
sKONO DIO DA
sThis is the end!
0,0,0,0,1,1,1,1
w0.20394289598912962
1,1,1,1,1,1,1,1
w0.40788579197824504
1,0,1,0,1,1,1,1
w0.2039428959891154
0,1,0,1,1,1,1,1
w0.20394289598912962
1,1,1,1,1,1,1,1
w0.40788579197824504
1,0,1,0,1,1,1,1
w0.2039428959891154
0,1,0,1,1,1,1,0
w0.20394289598912962
1,0,1,0,1,1,1,0
w0.2039428959891154
0,1,0,1,1,1,0,1
w0.20394289598912962
1,0,1,0,1,1,0,1
w0.2039428959891154
0,1,0,1,1,0,1,1
w0.20394289598912962
1,0,1,0,1,0,1,1
w0.2039428959891154
0,1,0,1,0,1,1,1
w0.20394289598912962
1,0,1,0,0,1,1,1
a76.327
sCascade II
sCascade II Addendum L
sJingle
1,0,1,0,0,1,1,0
w0.031086335825975198
1,1,1,0,0,1,1,0
w0.01989938817131076
1,1,1,1,0,1,1,0
w0.05098572399727175
1,1,0,1,0,1,1,0
w0.05098572399728596
1,1,1,1,0,1,1,0
w0.05098572399728596
1,0,1,1,1,0,0,1
w0.05098572399728596
1,1,1,1,1,0,0,1
w0.05098572399727175
0,1,1,1,1,0,0,1
w0.05098572399728596
1,1,1,1,1,0,0,1
w0.05098572399727175
1,1,1,0,0,1,1,0
w0.05098572399728596
1,1,1,1,0,1,1,0
w0.05098572399727175
0,1,1,1,0,1,1,0
w0.05098572399728596
1,1,1,1,0,1,1,0
w0.05098572399728596
1,0,1,1,1,1,1,0
w0.05098572399728596
1,1,1,1,1,1,1,0
w0.05098572399727175
1,1,0,1,1,1,1,0
w0.05098572399728596
1,1,1,1,1,1,1,0
w0.05098572399727175
1,1,1,0,0,1,1,0
w0.05098572399728596
1,1,1,1,0,1,1,0
w0.05098572399727175
1,1,0,1,0,1,1,0
w0.05098572399728596
1,1,1,1,0,1,1,0
w0.05098572399728596
1,0,1,1,1,0,0,1
w0.05098572399728596
1,1,1,1,1,0,0,1
w0.05098572399727175
0,1,1,1,1,0,0,1
w0.05098572399728596
1,1,1,1,1,0,0,1
w0.05098572399727175
1,1,1,0,0,1,1,0
w0.05098572399728596
1,1,1,1,0,1,1,0
w0.05098572399727175
0,1,1,1,0,1,1,0
w0.05098572399728596
1,1,1,1,0,1,1,0
w0.05098572399728596
1,0,1,1,1,1,1,0
w0.05098572399728596
1,1,1,1,1,1,1,0
w0.05098572399727175
1,1,0,1,1,1,1,0
w0.05098572399728596
1,1,1,1,1,1,1,0
w0.05098572399727175
1,1,1,0,0,1,1,0
w0.05098572399728596
1,1,1,1,0,1,1,0
w0.05098572399728596
1,1,0,1,0,1,1,0
w0.05098572399728596
1,1,1,1,0,1,1,0
w0.05098572399727175
1,0,1,1,1,0,0,1
w0.05098572399728596
1,1,1,1,1,0,0,1
w0.05098572399727175
0,1,1,1,1,0,0,1
w0.05098572399728596
1,1,1,1,1,0,0,1
w0.05098572399727175
1,1,1,0,0,1,1,0
w0.05098572399728596
1,1,1,1,0,1,1,0
w0.05098572399728596
0,1,1,1,0,1,1,0
w0.05098572399728596
1,1,1,1,0,1,1,0
w0.05098572399727175
1,0,1,1,1,1,0,1
w0.05098572399728596
1,1,1,1,1,1,0,1
w0.05098572399727175
1,1,0,1,1,1,0,1
w0.05098572399728596
1,1,1,1,1,1,0,1
w0.05098572399727175
1,1,1,0,0,1,1,0
w0.05098572399728596
1,1,1,1,0,1,1,0
w0.05098572399728596
1,1,0,1,0,1,1,0
w0.05098572399728596
1,1,1,1,0,1,1,0
w0.05098572399727175
1,0,1,1,1,0,0,1
w0.05098572399728596
1,1,1,1,1,0,0,1
w0.05098572399727175
0,1,1,1,1,0,0,1
w0.05098572399728596
1,1,1,1,1,0,0,1
w0.05098572399728596
1,1,1,0,0,1,1,0
w0.05098572399728596
1,1,1,1,0,1,1,0
w0.05098572399727175
0,1,1,1,0,1,1,0
w0.05098572399728596
1,1,1,1,0,1,1,0
w0.05098572399727175
1,0,1,1,0,1,1,1
w0.05098572399728596
1,1,1,1,0,1,1,1
w0.05098572399727175
1,1,0,1,0,1,1,1
w0.05098572399728596
1,1,1,1,0,1,1,1
w0.05098572399728596
1,1,1,0,0,1,1,0
w0.05098572399728596
1,1,1,1,0,1,1,0
w0.05098572399727175
1,1,0,1,0,1,1,0
w0.05098572399728596
1,1,1,1,0,1,1,0
w0.05098572399727175
1,0,1,1,1,0,0,1
w0.05098572399728596
1,1,1,1,1,0,0,1
w0.05098572399727175
0,1,1,1,1,0,0,1
w0.05098572399728596
1,1,1,1,1,0,0,1
w0.05098572399728596
1,1,1,0,0,1,1,0
w0.05098572399728596
1,1,1,1,0,1,1,0
w0.05098572399727175
0,1,1,1,0,1,1,0
w0.05098572399728596
1,1,1,1,0,1,1,0
w0.05098572399727175
1,0,1,1,0,1,1,1
w0.05098572399728596
1,1,1,1,0,1,1,1
w0.05098572399727175
1,1,0,1,0,1,1,1
w0.05098572399728596
1,1,1,1,0,1,1,1
w0.05098572399728596
1,1,1,0,0,1,1,0
w0.05098572399728596
1,1,1,1,0,1,1,0
w0.05098572399727175
1,1,0,1,0,1,1,0
w0.05098572399728596
1,1,1,1,0,1,1,0
w0.05098572399727175
1,0,1,1,1,0,0,1
w0.05098572399728596
1,1,1,1,1,0,0,1
w0.05098572399728596
0,1,1,1,1,0,0,1
w0.05098572399728596
1,1,1,1,1,0,0,1
w0.05098572399727175
1,1,1,0,0,1,1,0
w0.05098572399728596
1,1,1,1,0,1,1,0
w0.05098572399727175
1,1,0,1,0,1,1,0
w0.05098572399728596
1,1,1,1,0,1,1,0
w0.05098572399727175
1,0,1,1,1,0,1,1
w0.05098572399728596
1,1,1,1,1,0,1,1
w0.05098572399728596
0,1,1,1,1,0,1,1
a81.17064377974168
sAscend
sFlash
0,0,0,0,0,0,1,1
w0.05098572399727175
0,0,0,0,0,1,1,1
w0.1623133922501836
1,1,1,1,1,0,1,1
w0.2039428959891154
1,1,1,1,1,1,0,1
w0.20394289598912962
1,1,1,1,1,1,1,0
w0.2039428959891154
1,1,1,1,0,1,1,1
w0.20394289598912962
1,1,1,1,1,0,1,1
w0.2039428959891154
1,1,1,1,1,1,0,1
w0.20394289598912962
1,1,1,1,1,1,1,0
a82.808
sCascade II
sCascade II Addendum L
sJingle
1,1,1,0,0,1,1,0
w0.05098572399728596
1,1,1,1,0,1,1,0
w0.05098572399727175
1,1,0,1,0,1,1,0
w0.05098572399728596
1,1,1,1,0,1,1,0
w0.05098572399728596
1,0,1,1,1,0,0,1
w0.05098572399728596
1,1,1,1,1,0,0,1
w0.05098572399727175
0,1,1,1,1,0,0,1
w0.05098572399728596
1,1,1,1,1,0,0,1
w0.05098572399727175
1,1,1,0,0,1,1,0
w0.05098572399728596
1,1,1,1,0,1,1,0
w0.05098572399727175
0,1,1,1,0,1,1,0
w0.05098572399728596
1,1,1,1,0,1,1,0
w0.05098572399728596
1,0,1,1,1,1,1,0
w0.05098572399728596
1,1,1,1,1,1,1,0
w0.05098572399727175
1,1,0,1,1,1,1,0
w0.05098572399728596
1,1,1,1,1,1,1,0
w0.05098572399727175
1,1,1,0,0,1,1,0
w0.05098572399728596
1,1,1,1,0,1,1,0
w0.05098572399727175
1,1,0,1,0,1,1,0
w0.05098572399728596
1,1,1,1,0,1,1,0
w0.05098572399728596
1,0,1,1,1,0,0,1
w0.05098572399728596
1,1,1,1,1,0,0,1
w0.05098572399727175
0,1,1,1,1,0,0,1
w0.05098572399728596
1,1,1,1,1,0,0,1
w0.05098572399727175
1,1,1,0,0,1,1,0
w0.05098572399728596
1,1,1,1,0,1,1,0
w0.05098572399728596
0,1,1,1,0,1,1,0
w0.05098572399728596
1,1,1,1,0,1,1,0
w0.05098572399727175
1,0,1,1,1,1,1,0
w0.05098572399728596
1,1,1,1,1,1,1,0
w0.05098572399727175
1,1,0,1,1,1,1,0
w0.05098572399728596
1,1,1,1,1,1,1,0
w0.05098572399727175
1,1,1,0,0,1,1,0
w0.05098572399728596
1,1,1,1,0,1,1,0
w0.05098572399728596
1,1,0,1,0,1,1,0
w0.05098572399728596
1,1,1,1,0,1,1,0
w0.05098572399727175
1,0,1,1,1,0,0,1
w0.05098572399728596
1,1,1,1,1,0,0,1
w0.05098572399727175
0,1,1,1,1,0,0,1
w0.05098572399728596
1,1,1,1,1,0,0,1
w0.05098572399727175
1,1,1,0,0,1,1,0
w0.05098572399728596
1,1,1,1,0,1,1,0
w0.05098572399728596
0,1,1,1,0,1,1,0
w0.05098572399728596
1,1,1,1,0,1,1,0
w0.05098572399727175
1,0,1,1,1,1,0,1
w0.05098572399728596
1,1,1,1,1,1,0,1
w0.05098572399727175
1,1,0,1,1,1,0,1
w0.05098572399728596
1,1,1,1,1,1,0,1
w0.05098572399727175
1,1,1,0,0,1,1,0
w0.05098572399728596
1,1,1,1,0,1,1,0
w0.05098572399728596
1,1,0,1,0,1,1,0
w0.05098572399728596
1,1,1,1,0,1,1,0
w0.05098572399727175
1,0,1,1,1,0,0,1
w0.05098572399728596
1,1,1,1,1,0,0,1
w0.05098572399727175
0,1,1,1,1,0,0,1
w0.05098572399728596
1,1,1,1,1,0,0,1
w0.05098572399728596
1,1,1,0,0,1,1,0
w0.05098572399728596
1,1,1,1,0,1,1,0
w0.05098572399727175
0,1,1,1,0,1,1,0
w0.05098572399728596
1,1,1,1,0,1,1,0
w0.05098572399727175
1,0,1,1,0,1,1,1
w0.05098572399728596
1,1,1,1,0,1,1,1
w0.05098572399727175
1,1,0,1,0,1,1,1
w0.05098572399728596
1,1,1,1,0,1,1,1
w0.05098572399728596
1,1,1,0,0,1,1,0
w0.05098572399728596
1,1,1,1,0,1,1,0
w0.05098572399727175
1,1,0,1,0,1,1,0
w0.05098572399728596
1,1,1,1,0,1,1,0
w0.05098572399727175
1,0,1,1,1,0,0,1
w0.05098572399728596
1,1,1,1,1,0,0,1
w0.05098572399727175
0,1,1,1,1,0,0,1
w0.05098572399728596
1,1,1,1,1,0,0,1
w0.05098572399728596
1,1,1,0,0,1,1,0
w0.05098572399728596
1,1,1,1,0,1,1,0
w0.05098572399727175
0,1,1,1,0,1,1,0
w0.05098572399728596
1,1,1,1,0,1,1,0
w0.05098572399727175
1,0,1,1,0,1,1,1
w0.05098572399728596
1,1,1,1,0,1,1,1
w0.05098572399727175
1,1,0,1,0,1,1,1
w0.05098572399728596
1,1,1,1,0,1,1,1
w0.05098572399728596
1,1,1,0,0,1,1,0
w0.05098572399728596
1,1,1,1,0,1,1,0
w0.05098572399727175
1,1,0,1,0,1,1,0
w0.05098572399728596
1,1,1,1,0,1,1,0
w0.05098572399727175
1,0,1,1,1,0,0,1
w0.05098572399728596
1,1,1,1,1,0,0,1
w0.05098572399728596
0,1,1,1,1,0,0,1
w0.05098572399728596
1,1,1,1,1,0,0,1
w0.05098572399727175
1,1,1,0,0,1,1,0
w0.05098572399728596
1,1,1,1,0,1,1,0
w0.05098572399727175
1,1,0,1,0,1,1,0
w0.05098572399728596
1,1,1,1,0,1,1,0
w0.05098572399727175
1,0,1,1,1,0,1,1
w0.05098572399728596
1,1,1,1,1,0,1,1
w0.05098572399728596
0,1,1,1,1,0,1,1
a87.646
sC'mon step it up!
sFlash
0,0,0,0,1,0,1,1
w0.05662950373896081
0,0,0,0,1,1,1,1
w0.14731339225016882
1,1,1,1,1,1,1,1
w0.40788579197824504
1,1,1,1,1,1,1,0
w0.06934058463629356
1,1,1,1,1,1,0,1
w0.06934058463630777
1,1,1,1,1,0,1,1
w0.06526172671651409
1,1,1,1,0,1,1,1
w0.20394289598912962
1,1,1,1,1,0,1,1
w0.2039428959891154
1,1,1,1,1,1,0,1
w0.20394289598912962
1,1,1,1,1,1,1,0
a89.277543167913
sC'mon step it up!
sFlash
0,0,0,0,1,1,1,1
w0.20439972807614026
1,1,1,1,1,1,1,1
w0.40788579197824504
1,1,1,1,1,1,1,0
w0.06934058463629356
1,1,1,1,1,1,0,1
w0.06934058463630777
1,1,1,1,1,0,1,1
w0.06526172671651409
1,1,1,1,0,1,1,1
w0.20394289598912962
1,1,1,1,1,0,1,1
w0.2039428959891154
1,1,1,1,1,1,0,1
w0.20394289598912962
1,1,1,1,1,1,1,0
a90.877
sC'mon step it up!
sFlash
sHowling or something idk
sTransition to rift II...
sTransition to rift...
0,0,0,0,1,1,1,0
w0.03254316791300482
0,0,0,0,1,1,1,1
w0.1713997280761248
1,1,1,1,1,1,1,1
w0.40788579197824504
1,1,1,1,1,1,1,0
w0.06934058463629356
1,1,1,1,1,1,0,1
w0.06934058463630777
1,1,1,1,1,0,1,1
w0.06526172671651409
1,1,1,1,0,1,1,1
w0.20394289598912962
1,1,1,1,1,0,1,1
w0.2039428959891154
1,1,1,1,1,1,0,1
w0.20394289598912962
1,1,1,1,1,1,1,0
w0.2039428959891154
1,1,1,1,1,1,1,0
w0.20394289598912962
1,1,1,1,1,1,1,1
w0.2039428959891154
1,1,1,1,1,1,0,1
w0.20394289598912962
1,1,1,1,1,1,1,1
w0.2039428959891154
1,1,1,1,1,0,1,1
w0.20394289598912962
1,1,1,1,1,1,1,1
w0.20394289598912962
1,1,1,1,0,1,1,1
w0.20394289598912962
1,1,1,1,1,1,1,1
w0.2039428959891154
1,1,1,0,1,1,1,0
w0.20394289598912962
1,1,1,1,1,1,1,1
w0.2039428959891154
1,1,0,1,1,1,0,1
w0.20394289598912962
1,1,1,1,1,1,1,1
w0.2039428959891154
1,0,1,1,1,0,1,1
w0.20394289598912962
1,1,1,1,1,1,1,1
w0.2039428959891154
0,1,1,1,0,1,1,1
w0.20394289598912962
1,1,1,1,1,1,1,1
w0.2039428959891154
1,1,1,0,1,1,1,0
w0.1019714479945577
1,1,0,1,1,1,1,0
w0.1019714479945577
1,0,1,1,1,1,0,1
w0.1019714479945577
0,1,1,1,1,1,0,1
w0.10197144799457192
1,1,1,0,1,0,1,1
w0.1019714479945577
1,1,0,1,1,0,1,1
w0.1019714479945577
1,0,1,1,0,1,1,1
w0.10197144799457192
0,1,1,1,0,1,1,1
w0.1019714479945577
1,1,1,0,1,1,1,0
w0.1019714479945577
1,1,0,1,1,1,1,0
w0.1019714479945577
1,0,1,1,1,1,0,1
w0.10197144799457192
0,1,1,1,1,1,0,1
w0.1019714479945577
1,1,1,0,1,0,1,1
w0.1019714479945577
1,1,0,1,1,0,1,1
w0.1019714479945577
1,0,1,1,0,1,1,1
w0.10197144799457192
0,1,1,1,0,1,1,1
w0.1019714479945577
1,1,1,0,1,1,1,0
w0.1019714479945577
1,1,0,1,1,1,1,0
w0.10197144799457192
1,0,1,1,1,1,0,1
w0.1019714479945577
0,1,1,1,1,1,0,1
w0.1019714479945577
1,1,1,0,1,0,1,1
w0.1019714479945577
1,1,0,1,1,0,1,1
w0.10197144799457192
1,0,1,1,0,1,1,1
w0.1019714479945577
0,1,1,1,0,1,1,1
w0.1019714479945577
1,1,1,0,1,1,1,0
w0.1019714479945577
1,1,0,1,1,1,1,0
w0.10197144799457192
1,0,1,1,1,1,0,1
w0.1019714479945577
0,1,1,1,1,1,0,1
w0.1019714479945577
1,1,1,0,1,0,1,1
w0.1019714479945577
1,1,0,1,1,0,1,1
w0.10197144799457192
1,0,1,1,0,1,1,1
w0.1019714479945577
0,1,1,1,0,1,1,1
a98.98
sRift II...
0,1,1,1,0,1,0,1
w0.05471583956490633
0,1,1,1,1,1,0,1
w0.14798686313780252
1,0,1,1,1,1,1,1
w0.20270270270269464
1,1,0,1,1,0,1,1
w0.20270270270270885
1,1,1,0,1,1,1,1
w0.20270270270269464
0,1,1,1,1,1,0,1
w0.20270270270270885
1,0,1,1,1,1,1,1
w0.20270270270269464
1,1,0,1,0,1,1,1
w0.20270270270270885
1,1,1,0,1,1,1,1
w0.20270270270270885
0,1,1,1,1,1,1,0
w0.20270270270269464
1,0,1,1,1,1,1,1
w0.20270270270270885
1,1,0,1,1,1,0,1
w0.20270270270269464
1,1,1,0,1,1,1,1
w0.20270270270270885
0,1,1,1,1,0,1,1
w0.20270270270269464
1,0,1,1,1,1,1,1
w0.20270270270270885
1,1,0,1,0,1,1,1
w0.20270270270269464
1,1,1,0,1,1,1,1
w0.20270270270270885
0,1,1,1,1,1,0,1
w0.20270270270270885
1,0,1,1,1,1,1,1
w0.20270270270269464
1,1,0,1,1,0,1,1
w0.20270270270270885
1,1,1,0,1,1,1,1
w0.20270270270269464
0,1,1,1,1,1,0,1
w0.20270270270270885
1,0,1,1,1,1,1,1
w0.20270270270270885
1,1,0,1,0,1,1,1
w0.20270270270269464
1,1,1,0,1,1,1,1
w0.20270270270270885
0,1,1,1,1,1,1,0
w0.20270270270269464
1,0,1,1,1,1,1,1
w0.20270270270270885
1,1,0,1,1,1,0,1
w0.20270270270269464
1,1,1,0,1,1,1,1
w0.20270270270270885
0,1,1,1,1,0,1,1
w0.20270270270269464
1,0,1,1,1,1,1,1
w0.20270270270270885
1,1,0,1,0,1,1,1
w0.20270270270270885
1,1,1,0,1,1,1,1
w0.20270270270269464
0,1,1,1,1,1,0,1
w0.20270270270270885
1,0,1,1,1,1,1,1
w0.20270270270269464
1,1,0,1,1,0,1,1
w0.20270270270270885
1,1,1,0,1,1,1,1
w0.20270270270269464
0,1,1,1,1,1,0,1
w0.20270270270270885
1,0,1,1,1,1,1,1
w0.20270270270270885
1,1,0,1,0,1,1,1
w0.20270270270269464
1,1,1,0,1,1,1,1
w0.20270270270270885
0,1,1,1,1,1,1,0
w0.20270270270269464
1,0,1,1,1,1,1,1
w0.20270270270270885
1,1,0,1,1,1,0,1
w0.20270270270269464
1,1,1,0,1,1,1,1
w0.20270270270270885
0,1,1,1,1,0,1,1
w0.20270270270270885
1,0,1,1,1,1,1,1
w0.20270270270269464
1,1,0,1,0,1,1,1
w0.20270270270270885
1,1,1,0,1,1,1,1
w0.20270270270269464
0,1,1,1,1,1,0,1
w0.20270270270270885
1,0,1,1,1,1,1,1
w0.20270270270269464
1,1,0,1,1,0,1,1
w0.20270270270270885
1,1,1,0,1,1,1,1
w0.20270270270269464
0,1,1,1,1,1,0,1
w0.20270270270270885
1,0,1,1,1,1,1,1
w0.20270270270270885
1,1,0,1,0,1,1,1
w0.20270270270269464
1,1,1,0,1,1,1,1
w0.20270270270270885
0,1,1,1,1,1,1,0
w0.20270270270269464
1,0,1,1,1,1,1,1
w0.20270270270270885
1,1,0,1,1,1,0,1
w0.20270270270270885
1,1,1,0,1,1,1,1
w0.20270270270269464
0,1,1,1,1,0,1,1
w0.20270270270270885
1,0,1,1,1,1,1,1
w0.20270270270269464
1,1,0,1,0,1,1,1
w0.20270270270270885
1,1,1,0,1,1,1,1
w0.20270270270269464
0,1,1,1,1,1,0,1
w0.20270270270270885
1,0,1,1,1,1,1,1
w0.20270270270269464
1,1,0,1,1,0,1,1
w0.20270270270270885
1,1,1,0,1,1,1,1
w0.20270270270270885
0,1,1,1,1,1,0,1
w0.20270270270269464
1,0,1,1,1,1,1,1
w0.20270270270270885
1,1,0,1,0,1,1,1
w0.20270270270269464
1,1,1,0,1,1,1,1
w0.20270270270270885
0,1,1,1,1,1,1,0
w0.20270270270269464
1,0,1,1,1,1,1,1
w0.20270270270270885
1,1,0,1,1,1,0,1
w0.20270270270270885
1,1,1,0,1,1,1,1
w0.20270270270269464
0,1,1,1,1,0,1,1
w0.20270270270270885
1,0,1,1,1,1,1,1
w0.20270270270269464
1,1,0,1,0,1,1,1
w0.20270270270270885
1,1,1,0,1,1,1,1
w0.20270270270269464
0,1,1,1,1,1,0,1
w0.20270270270270885
1,0,1,1,1,1,1,1
w0.20270270270270885
1,1,0,1,1,0,1,1
w0.20270270270269464
1,1,1,0,1,1,1,1
w0.20270270270270885
0,1,1,1,1,1,0,1
w0.20270270270269464
1,0,1,1,1,1,1,1
w0.20270270270270885
1,1,0,1,0,1,1,1
w0.20270270270270885
1,1,1,0,1,1,1,1
w0.20270270270269464
0,1,1,1,1,1,1,0
w0.20270270270269464
1,0,1,1,1,1,1,1
w0.20270270270270885
1,1,0,1,1,1,0,1
w0.20270270270270885
1,1,1,0,1,1,1,1
w0.20270270270269464
0,1,1,1,1,0,1,1
w0.20270270270270885
1,0,1,1,1,1,1,1
w0.20270270270269464
1,1,0,1,0,1,1,1
w0.20270270270270885
1,1,1,0,1,1,1,1
w0.20270270270270885
0,1,1,1,1,1,0,1
w0.20270270270269464
1,0,1,1,1,1,1,1
w0.20270270270269464
1,1,0,1,1,0,1,1
w0.20270270270270885
1,1,1,0,1,1,1,1
w0.20270270270270885
0,1,1,1,1,1,0,1
w0.20270270270269464
1,0,1,1,1,1,1,1
w0.20270270270270885
1,1,0,1,0,1,1,1
w0.20270270270269464
1,1,1,0,1,1,1,1
w0.20270270270270885
0,1,1,1,1,1,1,0
w0.20270270270270885
1,0,1,1,1,1,1,1
w0.20270270270269464
1,1,0,1,1,1,0,1
w0.20270270270270885
1,1,1,0,1,1,1,1
w0.20270270270269464
0,1,1,1,1,0,1,1
w0.20270270270270885
1,0,1,1,1,1,1,1
w0.20270270270270885
1,1,0,1,0,1,1,1
w0.20270270270269464
1,1,1,0,1,1,1,1
w0.20270270270269464
0,1,1,1,1,1,0,1
w0.20270270270270885
1,0,1,1,1,1,1,1
w0.20270270270270885
1,1,0,1,1,0,1,1
w0.20270270270269464
1,1,1,0,1,1,1,1
w0.20270270270270885
0,1,1,1,1,1,0,1
w0.20270270270269464
1,0,1,1,1,1,1,1
w0.20270270270270885
1,1,0,1,0,1,1,1
w0.20270270270270885
1,1,1,0,1,1,1,1
w0.20270270270269464
0,1,1,1,1,1,1,0
w0.20270270270270885
1,0,1,1,1,1,1,1
w0.20270270270269464
1,1,0,1,1,1,0,1
w0.20270270270270885
1,1,1,0,1,1,1,1
w0.20270270270270885
0,1,1,1,1,0,1,1
w0.20270270270269464
1,0,1,1,1,1,1,1
w0.20270270270269464
1,1,0,1,0,1,1,1
w0.20270270270270885
1,1,1,0,1,1,1,1
a124.85
sC'mon step it up!
sFlash
0,0,0,0,1,1,1,1
w0.0759459459459606
0,0,0,0,1,1,1,1
w0.12799695004316902
1,1,1,1,1,1,1,1
w0.40788579197824504
1,1,1,1,1,1,1,0
w0.06934058463629356
1,1,1,1,1,1,0,1
w0.06934058463630777
1,1,1,1,1,0,1,1
w0.06526172671651409
1,1,1,1,0,1,1,1
w0.20394289598912962
1,1,1,1,1,0,1,1
w0.2039428959891154
1,1,1,1,1,1,0,1
w0.20394289598912962
1,1,1,1,1,1,1,0
a126.474
sC'mon step it up!
sFlash
0,0,0,0,1,1,1,1
w0.20394289598912962
1,1,1,1,1,1,1,1
w0.40788579197824504
1,1,1,1,1,1,1,0
w0.06934058463629356
1,1,1,1,1,1,0,1
w0.06934058463630777
1,1,1,1,1,0,1,1
w0.06526172671651409
1,1,1,1,0,1,1,1
w0.20394289598912962
1,1,1,1,1,0,1,1
w0.2039428959891154
1,1,1,1,1,1,0,1
w0.20394289598912962
1,1,1,1,1,1,1,0
a128.066
sFlash
sKONO DIO DA
sThis is the end!
0,0,0,0,1,1,1,0
w0.039543167912995614
0,0,0,0,1,1,1,1
w0.1643997280761198
1,1,1,1,1,1,1,1
w0.40788579197825925
1,0,1,0,1,1,1,1
w0.2039428959891154
0,1,0,1,1,1,1,1
w0.2039428959891154
1,1,1,1,1,1,1,1
w0.40788579197825925
1,0,1,0,1,1,1,1
w0.2039428959891154
0,1,0,1,1,1,1,0
w0.2039428959891154
1,0,1,0,1,1,1,0
w0.2039428959891154
0,1,0,1,1,1,0,1
w0.20394289598914384
1,0,1,0,1,1,0,1
w0.2039428959891154
0,1,0,1,1,0,1,1
w0.2039428959891154
1,0,1,0,1,0,1,1
w0.20394289598914384
0,1,0,1,0,1,1,1
w0.2039428959891154
1,0,1,0,0,1,1,1
a131.324
sCascade II
sCascade II Addendum L
sJingle
1,1,1,0,0,1,1,0
w0.05098572399728596
1,1,1,1,0,1,1,0
w0.05098572399728596
1,1,0,1,0,1,1,0
w0.05098572399728596
1,1,1,1,0,1,1,0
w0.05098572399725754
1,0,1,1,1,0,0,1
w0.05098572399728596
1,1,1,1,1,0,0,1
w0.05098572399728596
0,1,1,1,1,0,0,1
w0.05098572399728596
1,1,1,1,1,0,0,1
w0.05098572399725754
1,1,1,0,0,1,1,0
w0.05098572399731438
1,1,1,1,0,1,1,0
w0.05098572399725754
0,1,1,1,0,1,1,0
w0.05098572399728596
1,1,1,1,0,1,1,0
w0.05098572399728596
1,0,1,1,1,1,1,0
w0.05098572399728596
1,1,1,1,1,1,1,0
w0.05098572399725754
1,1,0,1,1,1,1,0
w0.05098572399728596
1,1,1,1,1,1,1,0
w0.05098572399728596
1,1,1,0,0,1,1,0
w0.05098572399728596
1,1,1,1,0,1,1,0
w0.05098572399728596
1,1,0,1,0,1,1,0
w0.05098572399728596
1,1,1,1,0,1,1,0
w0.05098572399725754
1,0,1,1,1,0,0,1
w0.05098572399728596
1,1,1,1,1,0,0,1
w0.05098572399728596
0,1,1,1,1,0,0,1
w0.05098572399728596
1,1,1,1,1,0,0,1
w0.05098572399725754
1,1,1,0,0,1,1,0
w0.05098572399731438
1,1,1,1,0,1,1,0
w0.05098572399725754
0,1,1,1,0,1,1,0
w0.05098572399728596
1,1,1,1,0,1,1,0
w0.05098572399728596
1,0,1,1,1,1,1,0
w0.05098572399728596
1,1,1,1,1,1,1,0
w0.05098572399728596
1,1,0,1,1,1,1,0
w0.05098572399728596
1,1,1,1,1,1,1,0
w0.05098572399725754
1,1,1,0,0,1,1,0
w0.05098572399728596
1,1,1,1,0,1,1,0
w0.05098572399728596
1,1,0,1,0,1,1,0
w0.05098572399728596
1,1,1,1,0,1,1,0
w0.05098572399725754
1,0,1,1,1,0,0,1
w0.05098572399728596
1,1,1,1,1,0,0,1
w0.05098572399728596
0,1,1,1,1,0,0,1
w0.05098572399728596
1,1,1,1,1,0,0,1
w0.05098572399725754
1,1,1,0,0,1,1,0
w0.05098572399731438
1,1,1,1,0,1,1,0
w0.05098572399725754
0,1,1,1,0,1,1,0
w0.05098572399728596
1,1,1,1,0,1,1,0
w0.05098572399728596
1,0,1,1,1,1,0,1
w0.05098572399728596
1,1,1,1,1,1,0,1
w0.05098572399728596
1,1,0,1,1,1,0,1
w0.05098572399728596
1,1,1,1,1,1,0,1
w0.05098572399725754
1,1,1,0,0,1,1,0
w0.05098572399728596
1,1,1,1,0,1,1,0
w0.05098572399728596
1,1,0,1,0,1,1,0
w0.05098572399728596
1,1,1,1,0,1,1,0
w0.05098572399725754
1,0,1,1,1,0,0,1
w0.05098572399728596
1,1,1,1,1,0,0,1
w0.05098572399728596
0,1,1,1,1,0,0,1
w0.05098572399728596
1,1,1,1,1,0,0,1
w0.05098572399725754
1,1,1,0,0,1,1,0
w0.05098572399731438
1,1,1,1,0,1,1,0
w0.05098572399725754
0,1,1,1,0,1,1,0
w0.05098572399728596
1,1,1,1,0,1,1,0
w0.05098572399728596
1,0,1,1,0,1,1,1
w0.05098572399728596
1,1,1,1,0,1,1,1
w0.05098572399728596
1,1,0,1,0,1,1,1
w0.05098572399728596
1,1,1,1,0,1,1,1
w0.05098572399725754
1,1,1,0,0,1,1,0
w0.05098572399728596
1,1,1,1,0,1,1,0
w0.05098572399728596
1,1,0,1,0,1,1,0
w0.05098572399728596
1,1,1,1,0,1,1,0
w0.05098572399725754
1,0,1,1,1,0,0,1
w0.05098572399731438
1,1,1,1,1,0,0,1
w0.05098572399725754
0,1,1,1,1,0,0,1
w0.05098572399728596
1,1,1,1,1,0,0,1
w0.05098572399728596
1,1,1,0,0,1,1,0
w0.05098572399728596
1,1,1,1,0,1,1,0
w0.05098572399725754
0,1,1,1,0,1,1,0
w0.05098572399728596
1,1,1,1,0,1,1,0
w0.05098572399728596
1,0,1,1,0,1,1,1
w0.05098572399728596
1,1,1,1,0,1,1,1
w0.05098572399728596
1,1,0,1,0,1,1,1
w0.05098572399728596
1,1,1,1,0,1,1,1
w0.05098572399725754
1,1,1,0,0,1,1,0
w0.05098572399728596
1,1,1,1,0,1,1,0
w0.05098572399728596
1,1,0,1,0,1,1,0
w0.05098572399728596
1,1,1,1,0,1,1,0
w0.05098572399725754
1,0,1,1,1,0,0,1
w0.05098572399731438
1,1,1,1,1,0,0,1
w0.05098572399725754
0,1,1,1,1,0,0,1
w0.05098572399728596
1,1,1,1,1,0,0,1
w0.05098572399728596
1,1,1,0,0,1,1,0
w0.05098572399728596
1,1,1,1,0,1,1,0
w0.05098572399728596
1,1,0,1,0,1,1,0
w0.05098572399728596
1,1,1,1,0,1,1,0
w0.05098572399725754
1,0,1,1,1,0,1,1
w0.05098572399728596
1,1,1,1,1,0,1,1
w0.05098572399728596
0,1,1,1,1,0,1,1
w0.05098572399728596
1,1,1,1,1,0,1,1
a136.2
sAscend
sFlash
0,0,0,0,0,0,1,1
w0.018629503738964104
0,0,0,0,0,1,1,1
w0.1853133922501513
1,1,1,1,1,0,1,1
w0.2039428959891154
1,1,1,1,1,1,0,1
w0.20394289598914384
1,1,1,1,1,1,1,0
w0.2039428959891154
1,1,1,1,0,1,1,1
w0.2039428959891154
1,1,1,1,1,0,1,1
w0.2039428959891154
1,1,1,1,1,1,0,1
w0.20394289598914384
1,1,1,1,1,1,1,0
a137.8
sCascade II
sCascade II Addendum L
sJingle
1,1,1,0,0,1,1,0
w0.031543167912957415
1,1,1,0,0,1,1,0
w0.019442556084328544
1,1,1,1,0,1,1,0
w0.05098572399728596
1,1,0,1,0,1,1,0
w0.05098572399728596
1,1,1,1,0,1,1,0
w0.05098572399725754
1,0,1,1,1,0,0,1
w0.05098572399728596
1,1,1,1,1,0,0,1
w0.05098572399728596
0,1,1,1,1,0,0,1
w0.05098572399728596
1,1,1,1,1,0,0,1
w0.05098572399725754
1,1,1,0,0,1,1,0
w0.05098572399731438
1,1,1,1,0,1,1,0
w0.05098572399725754
0,1,1,1,0,1,1,0
w0.05098572399728596
1,1,1,1,0,1,1,0
w0.05098572399728596
1,0,1,1,1,1,1,0
w0.05098572399728596
1,1,1,1,1,1,1,0
w0.05098572399725754
1,1,0,1,1,1,1,0
w0.05098572399728596
1,1,1,1,1,1,1,0
w0.05098572399728596
1,1,1,0,0,1,1,0
w0.05098572399728596
1,1,1,1,0,1,1,0
w0.05098572399728596
1,1,0,1,0,1,1,0
w0.05098572399728596
1,1,1,1,0,1,1,0
w0.05098572399725754
1,0,1,1,1,0,0,1
w0.05098572399728596
1,1,1,1,1,0,0,1
w0.05098572399728596
0,1,1,1,1,0,0,1
w0.05098572399728596
1,1,1,1,1,0,0,1
w0.05098572399725754
1,1,1,0,0,1,1,0
w0.05098572399731438
1,1,1,1,0,1,1,0
w0.05098572399725754
0,1,1,1,0,1,1,0
w0.05098572399728596
1,1,1,1,0,1,1,0
w0.05098572399728596
1,0,1,1,1,1,1,0
w0.05098572399728596
1,1,1,1,1,1,1,0
w0.05098572399728596
1,1,0,1,1,1,1,0
w0.05098572399728596
1,1,1,1,1,1,1,0
w0.05098572399725754
1,1,1,0,0,1,1,0
w0.05098572399728596
1,1,1,1,0,1,1,0
w0.05098572399728596
1,1,0,1,0,1,1,0
w0.05098572399728596
1,1,1,1,0,1,1,0
w0.05098572399725754
1,0,1,1,1,0,0,1
w0.05098572399728596
1,1,1,1,1,0,0,1
w0.05098572399728596
0,1,1,1,1,0,0,1
w0.05098572399728596
1,1,1,1,1,0,0,1
w0.05098572399725754
1,1,1,0,0,1,1,0
w0.05098572399731438
1,1,1,1,0,1,1,0
w0.05098572399725754
0,1,1,1,0,1,1,0
w0.05098572399728596
1,1,1,1,0,1,1,0
w0.05098572399728596
1,0,1,1,1,1,0,1
w0.05098572399728596
1,1,1,1,1,1,0,1
w0.05098572399728596
1,1,0,1,1,1,0,1
w0.05098572399728596
1,1,1,1,1,1,0,1
w0.05098572399725754
1,1,1,0,0,1,1,0
w0.05098572399728596
1,1,1,1,0,1,1,0
w0.05098572399728596
1,1,0,1,0,1,1,0
w0.05098572399728596
1,1,1,1,0,1,1,0
w0.05098572399725754
1,0,1,1,1,0,0,1
w0.05098572399728596
1,1,1,1,1,0,0,1
w0.05098572399728596
0,1,1,1,1,0,0,1
w0.05098572399728596
1,1,1,1,1,0,0,1
w0.05098572399725754
1,1,1,0,0,1,1,0
w0.05098572399731438
1,1,1,1,0,1,1,0
w0.05098572399725754
0,1,1,1,0,1,1,0
w0.05098572399728596
1,1,1,1,0,1,1,0
w0.05098572399728596
1,0,1,1,0,1,1,1
w0.05098572399728596
1,1,1,1,0,1,1,1
w0.05098572399728596
1,1,0,1,0,1,1,1
w0.05098572399728596
1,1,1,1,0,1,1,1
w0.05098572399725754
1,1,1,0,0,1,1,0
w0.05098572399728596
1,1,1,1,0,1,1,0
w0.05098572399728596
1,1,0,1,0,1,1,0
w0.05098572399728596
1,1,1,1,0,1,1,0
w0.05098572399725754
1,0,1,1,1,0,0,1
w0.05098572399731438
1,1,1,1,1,0,0,1
w0.05098572399725754
0,1,1,1,1,0,0,1
w0.05098572399728596
1,1,1,1,1,0,0,1
w0.05098572399728596
1,1,1,0,0,1,1,0
w0.05098572399728596
1,1,1,1,0,1,1,0
w0.05098572399725754
0,1,1,1,0,1,1,0
w0.05098572399728596
1,1,1,1,0,1,1,0
w0.05098572399728596
1,0,1,1,0,1,1,1
w0.05098572399728596
1,1,1,1,0,1,1,1
w0.05098572399728596
1,1,0,1,0,1,1,1
w0.05098572399728596
1,1,1,1,0,1,1,1
w0.05098572399725754
1,1,1,0,0,1,1,0
w0.05098572399728596
1,1,1,1,0,1,1,0
w0.05098572399728596
1,1,0,1,0,1,1,0
w0.05098572399728596
1,1,1,1,0,1,1,0
w0.05098572399725754
1,0,1,1,1,0,0,1
w0.05098572399731438
1,1,1,1,1,0,0,1
w0.05098572399725754
0,1,1,1,1,0,0,1
w0.05098572399728596
1,1,1,1,1,0,0,1
w0.05098572399728596
1,1,1,0,0,1,1,0
w0.05098572399728596
1,1,1,1,0,1,1,0
w0.05098572399728596
1,1,0,1,0,1,1,0
w0.05098572399728596
1,1,1,1,0,1,1,0
w0.05098572399725754
1,0,1,1,1,0,1,1
w0.05098572399728596
1,1,1,1,1,0,1,1
w0.05098572399728596
0,1,1,1,1,0,1,1
a142.633
sFlash
sMadness!
sMore flashes...
0,0,0,0,1,0,1,0
w0.010643779741684511
0,0,0,0,1,0,1,0
w0.04034194425560145
0,0,0,0,1,0,1,1
w0.01064377974165609
0,0,0,0,1,1,1,1
w0.04034194425562987
0,0,0,0,1,1,0,1
w0.05098572399728596
0,0,0,0,1,1,1,1
w0.05098572399725754
1,1,1,1,1,0,1,1
w0.05098572399728596
1,1,1,1,1,1,1,1
w0.05098572399728596
1,1,1,1,0,1,1,1
w0.05098572399728596
1,1,1,1,1,1,1,1
w0.05098572399728596
1,1,1,1,1,1,1,0
w0.05098572399728596
1,1,1,1,1,1,1,1
w0.05098572399725754
1,1,1,1,1,1,0,1
w0.05098572399728596
1,1,1,1,1,1,1,1
w0.05098572399728596
1,1,1,1,1,0,1,1
w0.05098572399728596
1,1,1,1,1,1,1,1
w0.05098572399725754
1,1,1,1,0,1,1,1
w0.05098572399728596
1,1,1,1,1,1,1,1
w0.05098572399728596
1,1,1,1,1,1,1,0
w0.05098572399728596
1,1,1,1,1,1,1,1
w0.05098572399728596
1,1,1,1,1,1,0,1
w0.05098572399728596
1,1,1,1,1,1,1,1
w0.05098572399725754
1,1,1,1,1,0,1,1
w0.05098572399728596
1,1,1,1,1,1,1,1
w0.05098572399728596
1,1,1,1,0,1,1,1
w0.05098572399728596
1,1,1,1,1,1,1,1
w0.05098572399728596
1,1,1,1,1,1,1,0
w0.05098572399728596
1,1,1,1,1,1,1,1
w0.05098572399725754
1,1,1,1,1,1,0,1
w0.05098572399728596
1,1,1,1,1,1,1,1
w0.05098572399728596
1,1,1,1,1,0,1,1
w0.05098572399728596
1,1,1,1,1,1,1,1
w0.05098572399728596
1,1,1,1,0,1,1,1
w0.05098572399728596
1,1,1,1,1,1,1,1
w0.05098572399725754
0,0,0,0,1,1,1,0
w0.05098572399728596
0,0,0,0,1,1,1,1
w0.05098572399728596
0,0,0,0,1,1,0,1
w0.05098572399728596
0,0,0,0,1,1,1,1
w0.05098572399725754
1,1,1,1,1,0,1,1
w0.05098572399728596
1,1,1,1,1,1,1,1
w0.05098572399728596
1,1,1,1,0,1,1,1
w0.05098572399728596
1,1,1,1,1,1,1,1
w0.05098572399728596
1,1,1,1,1,1,1,0
w0.05098572399728596
1,1,1,1,1,1,1,1
w0.05098572399725754
1,1,1,1,1,1,0,1
w0.05098572399728596
1,1,1,1,1,1,1,1
w0.05098572399728596
1,1,1,1,1,0,1,1
w0.05098572399728596
1,1,1,1,1,1,1,1
w0.05098572399728596
1,1,1,1,0,1,1,1
w0.05098572399728596
1,1,1,1,1,1,1,1
w0.05098572399725754
1,1,1,1,1,1,1,0
w0.05098572399728596
1,1,1,1,1,1,1,1
w0.05098572399728596
1,1,1,1,1,1,0,1
w0.05098572399728596
1,1,1,1,1,1,1,1
w0.05098572399728596
1,1,1,1,1,0,1,1
w0.05098572399728596
1,1,1,1,1,1,1,1
w0.05098572399725754
1,1,1,1,0,1,1,1
w0.05098572399728596
1,1,1,1,1,1,1,1
w0.05098572399728596
1,1,1,1,1,1,1,0
w0.05098572399728596
1,1,1,1,1,1,1,1
w0.05098572399725754
1,1,1,1,1,1,0,1
w0.05098572399728596
1,1,1,1,1,1,1,1
w0.05098572399728596
1,1,1,1,1,0,1,1
w0.05098572399728596
1,1,1,1,1,1,1,1
w0.05098572399728596
1,1,1,1,0,1,1,1
w0.05098572399728596
1,1,1,1,1,1,1,1
w0.05098572399725754
0,0,0,0,1,1,1,0
w0.05098572399728596
0,0,0,0,1,1,1,1
w0.05098572399728596
0,0,0,0,1,1,0,1
w0.05098572399728596
0,0,0,0,1,1,1,1
w0.05098572399725754
1,1,1,1,1,0,1,1
w0.05098572399731438
1,1,1,1,1,1,1,1
w0.05098572399725754
1,1,1,1,0,1,1,1
w0.05098572399728596
1,1,1,1,1,1,1,1
w0.05098572399728596
1,1,1,1,1,1,1,0
w0.05098572399728596
1,1,1,1,1,1,1,1
w0.05098572399725754
1,1,1,1,1,1,0,1
w0.05098572399728596
1,1,1,1,1,1,1,1
w0.05098572399728596
1,1,1,1,1,0,1,1
w0.05098572399728596
1,1,1,1,1,1,1,1
w0.05098572399728596
1,1,1,1,0,1,1,1
w0.05098572399728596
1,1,1,1,1,1,1,1
w0.05098572399725754
0,0,0,0,1,1,1,0
w0.05098572399728596
0,0,0,0,1,1,1,1
w0.05098572399728596
0,0,0,0,1,1,0,1
w0.05098572399728596
0,0,0,0,1,1,1,1
w0.05098572399725754
1,1,1,1,1,0,1,1
w0.05098572399731438
1,1,1,1,1,1,1,1
w0.05098572399725754
1,1,1,1,0,1,1,1
w0.05098572399728596
1,1,1,1,1,1,1,1
w0.05098572399728596
1,1,1,1,1,1,1,0
w0.05098572399728596
1,1,1,1,1,1,1,1
w0.05098572399728596
1,1,1,1,1,1,0,1
w0.05098572399728596
1,1,1,1,1,1,1,1
w0.05098572399725754
1,1,1,1,1,0,1,1
w0.05098572399728596
1,1,1,1,1,1,1,1
w0.05098572399728596
1,1,1,1,0,1,1,1
w0.05098572399728596
1,1,1,1,1,1,1,1
w0.05098572399725754
1,1,1,0,0,0,0,0
w0.05098572399728596
1,1,1,1,0,0,0,0
w0.05098572399728596
1,1,0,1,0,0,0,0
w0.05098572399728596
1,1,1,1,0,0,0,0
w0.05098572399725754
1,0,1,1,1,1,1,0
w0.05098572399731438
1,1,1,1,1,1,1,0
w0.05098572399725754
0,1,1,1,1,1,1,0
w0.05098572399728596
1,1,1,1,1,1,1,0
w0.05098572399728596
0,1,1,1,0,0,0,0
w0.05098572399728596
1,1,1,1,0,0,0,0
w0.05098572399728596
1,1,1,0,0,0,0,0
w0.05098572399728596
1,1,1,1,0,0,0,0
w0.05098572399725754
1,1,0,1,1,1,0,1
w0.05098572399728596
1,1,1,1,1,1,0,1
w0.05098572399728596
1,0,1,1,1,1,0,1
w0.05098572399728596
1,1,1,1,1,1,0,1
w0.05098572399725754
1,0,1,1,0,0,0,0
w0.05098572399731438
1,1,1,1,0,0,0,0
w0.05098572399725754
0,1,1,1,0,0,0,0
w0.05098572399728596
1,1,1,1,0,0,0,0
w0.05098572399728596
1,1,1,0,1,0,1,1
w0.05098572399728596
1,1,1,1,1,0,1,1
w0.05098572399725754
1,1,0,1,1,0,1,1
w0.05098572399728596
1,1,1,1,1,0,1,1
w0.05098572399728596
1,1,0,1,0,0,0,0
w0.05098572399728596
1,1,1,1,0,0,0,0
w0.05098572399728596
1,0,1,1,0,0,0,0
w0.05098572399728596
1,1,1,1,0,0,0,0
w0.05098572399725754
0,1,1,1,0,1,1,1
w0.05098572399728596
1,1,1,1,0,1,1,1
w0.05098572399728596
1,1,1,0,0,1,1,1
a149.084
sCascade III
sJingle Over
1,1,1,0,0,1,1,0
w0.024186947654669666
1,1,1,0,0,1,1,0
w0.026798776342616293
1,1,1,1,0,1,1,0
w0.024186947654641244
1,1,1,1,0,1,1,0
w0.026798776342644715
1,1,0,1,0,1,1,0
w0.05098572399728596
1,1,1,1,0,1,1,0
w0.05098572399725754
1,0,1,1,1,0,0,1
w0.05098572399728596
1,1,1,1,1,0,0,1
w0.05098572399728596
0,1,1,1,1,0,0,1
w0.05098572399728596
1,1,1,1,1,0,0,1
w0.05098572399725754
1,1,1,0,0,1,1,0
w0.05098572399731438
1,1,1,1,0,1,1,0
w0.05098572399725754
0,1,1,1,0,1,1,0
w0.05098572399728596
1,1,1,1,0,1,1,0
w0.05098572399728596
1,0,1,1,1,1,1,0
w0.05098572399728596
1,1,1,1,1,1,1,0
w0.05098572399725754
1,1,0,1,1,1,1,0
w0.05098572399728596
1,1,1,1,1,1,1,0
w0.05098572399728596
1,1,1,0,0,1,1,0
w0.05098572399728596
1,1,1,1,0,1,1,0
w0.05098572399728596
1,1,0,1,0,1,1,0
w0.05098572399728596
1,1,1,1,0,1,1,0
w0.05098572399725754
1,0,1,1,1,0,0,1
w0.05098572399728596
1,1,1,1,1,0,0,1
w0.05098572399728596
0,1,1,1,1,0,0,1
w0.05098572399728596
1,1,1,1,1,0,0,1
w0.05098572399725754
1,1,1,0,0,1,1,0
w0.05098572399731438
1,1,1,1,0,1,1,0
w0.05098572399725754
0,1,1,1,0,1,1,0
w0.05098572399728596
1,1,1,1,0,1,1,0
w0.05098572399728596
1,0,1,1,1,1,1,0
w0.05098572399728596
1,1,1,1,1,1,1,0
w0.05098572399728596
1,1,0,1,1,1,1,0
w0.05098572399728596
1,1,1,1,1,1,1,0
w0.05098572399725754
1,1,1,0,0,1,1,0
w0.05098572399728596
1,1,1,1,0,1,1,0
w0.05098572399728596
1,1,0,1,0,1,1,0
w0.05098572399728596
1,1,1,1,0,1,1,0
w0.05098572399725754
1,0,1,1,1,0,0,1
w0.05098572399728596
1,1,1,1,1,0,0,1
w0.05098572399728596
0,1,1,1,1,0,0,1
w0.05098572399728596
1,1,1,1,1,0,0,1
w0.05098572399725754
1,1,1,0,0,1,1,0
w0.05098572399731438
1,1,1,1,0,1,1,0
w0.05098572399725754
0,1,1,1,0,1,1,0
w0.05098572399728596
1,1,1,1,0,1,1,0
w0.05098572399728596
1,0,1,1,1,1,0,1
w0.05098572399728596
1,1,1,1,1,1,0,1
w0.05098572399728596
1,1,0,1,1,1,0,1
w0.05098572399728596
1,1,1,1,1,1,0,1
w0.05098572399725754
1,1,1,0,0,1,1,0
w0.05098572399728596
1,1,1,1,0,1,1,0
w0.05098572399728596
1,1,0,1,0,1,1,0
w0.05098572399728596
1,1,1,1,0,1,1,0
w0.05098572399725754
1,0,1,1,1,0,0,1
w0.05098572399728596
1,1,1,1,1,0,0,1
w0.05098572399728596
0,1,1,1,1,0,0,1
w0.05098572399728596
1,1,1,1,1,0,0,1
w0.05098572399725754
1,1,1,0,0,1,1,0
w0.05098572399731438
1,1,1,1,0,1,1,0
w0.05098572399725754
0,1,1,1,0,1,1,0
w0.05098572399728596
1,1,1,1,0,1,1,0
w0.05098572399728596
1,0,1,1,1,1,0,1
w0.05098572399728596
1,1,1,1,1,1,0,1
w0.05098572399728596
1,1,0,1,1,1,0,1
w0.05098572399728596
1,1,1,1,1,1,0,1
w0.05098572399725754
1,1,1,0,0,1,1,0
w0.05098572399728596
1,1,1,1,0,1,1,0
w0.05098572399728596
1,1,0,1,0,1,1,0
w0.05098572399728596
1,1,1,1,0,1,1,0
w0.05098572399725754
1,0,1,1,1,0,0,1
w0.05098572399731438
1,1,1,1,1,0,0,1
w0.05098572399725754
0,1,1,1,1,0,0,1
w0.05098572399728596
1,1,1,1,1,0,0,1
w0.05098572399728596
1,1,1,0,0,1,1,0
w0.05098572399728596
1,1,1,1,0,1,1,0
w0.05098572399725754
0,1,1,1,0,1,1,0
w0.05098572399728596
1,1,1,1,0,1,1,0
w0.05098572399728596
1,0,1,1,1,1,1,0
w0.05098572399728596
1,1,1,1,1,1,1,0
w0.05098572399728596
1,1,0,1,1,1,1,0
w0.05098572399728596
1,1,1,1,1,1,1,0
w0.05098572399725754
1,1,1,0,0,1,1,0
w0.05098572399728596
1,1,1,1,0,1,1,0
w0.05098572399728596
1,1,0,1,0,1,1,0
w0.05098572399728596
1,1,1,1,0,1,1,0
w0.05098572399725754
1,0,1,1,1,0,0,1
w0.05098572399731438
1,1,1,1,1,0,0,1
w0.05098572399725754
0,1,1,1,1,0,0,1
w0.05098572399728596
1,1,1,1,1,0,0,1
w0.05098572399728596
1,1,1,0,0,1,1,0
w0.05098572399728596
1,1,1,1,0,1,1,0
w0.05098572399728596
0,1,1,1,0,1,1,0
w0.05098572399728596
1,1,1,1,0,1,1,0
w0.05098572399725754
1,0,1,1,1,1,1,0
w0.05098572399728596
1,1,1,1,1,1,1,0
w0.05098572399728596
1,1,0,1,1,1,1,0
w0.05098572399728596
1,1,1,1,1,1,1,0
w0.05098572399725754
1,1,1,0,0,1,1,0
w0.05098572399728596
1,1,1,1,0,1,1,0
w0.05098572399728596
1,1,0,1,0,1,1,0
w0.05098572399728596
1,1,1,1,0,1,1,0
w0.05098572399725754
1,0,1,1,1,0,0,1
w0.05098572399731438
1,1,1,1,1,0,0,1
w0.05098572399725754
0,1,1,1,1,0,0,1
w0.05098572399728596
1,1,1,1,1,0,0,1
w0.05098572399728596
1,1,1,0,0,1,1,0
w0.05098572399728596
1,1,1,1,0,1,1,0
w0.05098572399728596
0,1,1,1,0,1,1,0
w0.05098572399728596
1,1,1,1,0,1,1,0
w0.05098572399725754
1,0,1,1,1,1,0,1
w0.05098572399728596
1,1,1,1,1,1,0,1
w0.05098572399728596
1,1,0,1,1,1,0,1
w0.05098572399728596
1,1,1,1,1,1,0,1
w0.05098572399725754
1,1,1,0,0,1,1,0
w0.05098572399731438
1,1,1,1,0,1,1,0
w0.05098572399725754
1,1,0,1,0,1,1,0
w0.05098572399728596
1,1,1,1,0,1,1,0
w0.05098572399728596
1,0,1,1,1,0,0,1
w0.05098572399728596
1,1,1,1,1,0,0,1
w0.05098572399725754
0,1,1,1,1,0,0,1
w0.05098572399728596
1,1,1,1,1,0,0,1
w0.05098572399728596
1,1,1,0,0,1,1,0
w0.05098572399728596
1,1,1,1,0,1,1,0
w0.05098572399728596
0,1,1,1,0,1,1,0
w0.05098572399728596
1,1,1,1,0,1,1,0
w0.05098572399725754
1,0,1,1,1,1,0,1
w0.05098572399728596
1,1,1,1,1,1,0,1
w0.05098572399728596
1,1,0,1,1,1,0,1
w0.05098572399728596
1,1,1,1,1,1,0,1
w0.05098572399725754
1,1,1,0,0,1,1,0
w0.05098572399731438
1,1,1,1,0,1,1,0
w0.05098572399725754
1,1,0,1,0,1,1,0
w0.05098572399728596
1,1,1,1,0,1,1,0
w0.05098572399728596
1,0,1,1,1,0,0,1
w0.05098572399728596
1,1,1,1,1,0,0,1
w0.05098572399728596
0,1,1,1,1,0,0,1
w0.05098572399728596
1,1,1,1,1,0,0,1
w0.05098572399725754
1,1,1,0,0,1,1,0
w0.05098572399728596
1,1,1,1,0,1,1,0
w0.05098572399728596
0,1,1,1,0,1,1,0
w0.05098572399728596
1,1,1,1,0,1,1,0
w0.05098572399725754
1,0,1,1,1,1,1,0
w0.05098572399728596
1,1,1,1,1,1,1,0
w0.05098572399728596
1,1,0,1,1,1,1,0
w0.05098572399728596
1,1,1,1,1,1,1,0
w0.05098572399725754
1,1,1,0,0,1,1,0
w0.05098572399731438
1,1,1,1,0,1,1,0
w0.05098572399725754
1,1,0,1,0,1,1,0
w0.05098572399728596
1,1,1,1,0,1,1,0
w0.05098572399728596
1,0,1,1,1,0,0,1
w0.05098572399728596
1,1,1,1,1,0,0,1
w0.05098572399728596
0,1,1,1,1,0,0,1
w0.05098572399728596
1,1,1,1,1,0,0,1
w0.05098572399725754
1,1,1,0,0,1,1,0
w0.05098572399728596
1,1,1,1,0,1,1,0
w0.05098572399728596
0,1,1,1,0,1,1,0
w0.05098572399728596
1,1,1,1,0,1,1,0
w0.05098572399725754
1,0,1,1,1,1,1,0
w0.05098572399728596
1,1,1,1,1,1,1,0
w0.05098572399728596
1,1,0,1,1,1,1,0
w0.05098572399728596
1,1,1,1,1,1,1,0
w0.05098572399725754
1,1,1,0,0,1,1,0
w0.05098572399731438
1,1,1,1,0,1,1,0
w0.05098572399725754
1,1,0,1,0,1,1,0
w0.05098572399728596
1,1,1,1,0,1,1,0
w0.05098572399728596
1,0,1,1,1,0,0,1
w0.05098572399728596
1,1,1,1,1,0,0,1
w0.05098572399728596
0,1,1,1,1,0,0,1
w0.05098572399728596
1,1,1,1,1,0,0,1
w0.05098572399725754
1,1,1,0,0,1,1,0
w0.05098572399728596
1,1,1,1,0,1,1,0
w0.05098572399728596
0,1,1,1,0,1,1,0
w0.05098572399728596
1,1,1,1,0,1,1,0
w0.05098572399725754
1,0,1,1,1,1,0,1
w0.05098572399731438
1,1,1,1,1,1,0,1
w0.05098572399725754
1,1,0,1,1,1,0,1
w0.05098572399728596
1,1,1,1,1,1,0,1
w0.05098572399728596
1,1,1,0,0,1,1,0
w0.05098572399728596
1,1,1,1,0,1,1,0
w0.05098572399725754
1,1,0,1,0,1,1,0
w0.05098572399728596
1,1,1,1,0,1,1,0
w0.05098572399728596
1,0,1,1,1,0,0,1
w0.05098572399728596
1,1,1,1,1,0,0,1
w0.05098572399728596
0,1,1,1,1,0,0,1
w0.05098572399728596
1,1,1,1,1,0,0,1
w0.05098572399725754
1,1,1,0,0,1,1,0
w0.05098572399728596
1,1,1,1,0,1,1,0
w0.05098572399728596
0,1,1,1,0,1,1,0
w0.05098572399728596
1,1,1,1,0,1,1,0
w0.05098572399725754
1,0,1,1,1,1,0,1
w0.05098572399731438
1,1,1,1,1,1,0,1
w0.05098572399725754
1,1,0,1,1,1,0,1
a158.79
sMeteor Rain
sMeteor Shower
1,1,0,1,0,1,0,1
w0.03227328348063452
1,1,1,1,0,1,0,1
w0.05098572399728596
1,1,1,0,0,1,1,1
w0.05098572399728596
1,1,1,1,0,1,1,1
w0.05098572399728596
1,1,0,1,0,1,1,1
w0.05098572399728596
1,1,1,1,0,1,1,1
w0.05098572399725754
1,0,1,1,0,1,1,1
w0.05098572399728596
1,1,1,1,0,1,1,1
w0.05098572399728596
0,1,1,1,0,1,1,1
w0.01871244051665144
0,1,1,1,1,0,1,1
w0.03227328348063452
1,1,1,1,1,0,1,1
w0.05098572399725754
1,1,1,0,1,0,1,1
w0.05098572399728596
1,1,1,1,1,0,1,1
w0.05098572399728596
0,1,1,1,1,0,1,1
w0.05098572399728596
1,1,1,1,1,0,1,1
w0.05098572399728596
1,0,1,1,1,0,1,1
w0.05098572399728596
1,1,1,1,1,0,1,1
w0.05098572399725754
1,1,0,1,1,0,1,1
w0.01871244051665144
1,1,0,1,1,1,0,1
w0.03227328348063452
1,1,1,1,1,1,0,1
w0.05098572399728596
1,1,1,0,1,1,0,1
w0.05098572399728596
1,1,1,1,1,1,0,1
w0.05098572399728596
1,1,0,1,1,1,0,1
w0.05098572399728596
1,1,1,1,1,1,0,1
w0.05098572399725754
1,0,1,1,1,1,0,1
w0.05098572399728596
1,1,1,1,1,1,0,1
w0.05098572399728596
0,1,1,1,1,1,0,1
w0.01871244051665144
0,1,1,1,1,1,1,0
w0.03227328348063452
1,1,1,1,1,1,1,0
w0.05098572399725754
1,1,1,0,1,1,1,0
w0.05098572399728596
1,1,1,1,1,1,1,0
w0.05098572399728596
0,1,1,1,1,1,1,0
w0.05098572399728596
1,1,1,1,1,1,1,0
w0.05098572399728596
1,0,1,1,1,1,1,0
w0.05098572399728596
1,1,1,1,1,1,1,0
w0.05098572399725754
1,1,0,1,1,1,1,0
w0.01871244051665144
1,1,0,1,0,1,1,1
w0.03227328348063452
1,1,1,1,0,1,1,1
w0.05098572399728596
1,1,1,0,0,1,1,1
w0.05098572399728596
1,1,1,1,0,1,1,1
w0.05098572399728596
1,1,0,1,0,1,1,1
w0.05098572399728596
1,1,1,1,0,1,1,1
w0.05098572399725754
1,0,1,1,0,1,1,1
w0.05098572399728596
1,1,1,1,0,1,1,1
w0.05098572399728596
0,1,1,1,0,1,1,1
w0.01871244051665144
0,1,1,1,1,0,1,1
w0.03227328348063452
1,1,1,1,1,0,1,1
w0.05098572399728596
1,1,1,0,1,0,1,1
w0.05098572399728596
1,1,1,1,1,0,1,1
w0.05098572399725754
0,1,1,1,1,0,1,1
w0.05098572399728596
1,1,1,1,1,0,1,1
w0.05098572399728596
1,0,1,1,1,0,1,1
w0.05098572399728596
1,1,1,1,1,0,1,1
w0.05098572399725754
1,1,0,1,1,0,1,1
w0.01871244051665144
1,1,0,1,1,1,0,1
w0.03227328348063452
1,1,1,1,1,1,0,1
w0.05098572399728596
1,1,1,0,1,1,0,1
w0.05098572399728596
1,1,1,1,1,1,0,1
w0.05098572399728596
1,1,0,1,1,1,0,1
w0.05098572399728596
1,1,1,1,1,1,0,1
w0.05098572399725754
1,0,1,1,1,1,0,1
w0.05098572399728596
1,1,1,1,1,1,0,1
w0.05098572399728596
0,1,1,1,1,1,0,1
w0.01871244051665144
0,1,1,1,1,1,1,0
w0.03227328348063452
1,1,1,1,1,1,1,0
w0.05098572399728596
1,1,1,0,1,1,1,0
w0.05098572399728596
1,1,1,1,1,1,1,0
w0.05098572399725754
0,1,1,1,1,1,1,0
w0.05098572399728596
1,1,1,1,1,1,1,0
w0.05098572399728596
1,0,1,1,1,1,1,0
w0.05098572399728596
1,1,1,1,1,1,1,0
w0.05098572399728596
1,1,0,1,1,1,1,0
w0.01871244051662302
1,1,0,1,0,1,1,1
w0.03227328348066294
1,1,1,1,0,1,1,1
w0.05098572399725754
1,1,1,0,0,1,1,1
w0.05098572399728596
1,1,1,1,0,1,1,1
w0.05098572399728596
1,1,0,1,0,1,1,1
w0.01871244051662302
1,1,0,1,1,0,1,1
w0.03227328348066294
1,1,1,1,1,0,1,1
w0.05098572399725754
1,0,1,1,1,0,1,1
w0.05098572399728596
1,1,1,1,1,0,1,1
w0.05098572399728596
0,1,1,1,1,0,1,1
w0.01871244051665144
0,1,1,1,1,1,0,1
w0.03227328348063452
1,1,1,1,1,1,0,1
w0.05098572399728596
1,1,1,0,1,1,0,1
w0.05098572399728596
1,1,1,1,1,1,0,1
w0.05098572399725754
0,1,1,1,1,1,0,1
w0.01871244051665144
0,1,1,1,1,1,1,0
w0.03227328348063452
1,1,1,1,1,1,1,0
w0.05098572399728596
1,0,1,1,1,1,1,0
w0.05098572399728596
1,1,1,1,1,1,1,0
w0.05098572399728596
1,1,0,1,1,1,1,0
w0.01871244051662302
1,1,0,1,0,1,1,1
w0.03227328348066294
1,1,1,1,0,1,1,1
w0.05098572399725754
1,1,1,0,0,1,1,1
w0.05098572399728596
1,1,1,1,0,1,1,1
w0.05098572399728596
1,1,0,1,0,1,1,1
w0.01871244051662302
1,1,0,1,1,0,1,1
w0.03227328348066294
1,1,1,1,1,0,1,1
w0.05098572399728596
1,0,1,1,1,0,1,1
w0.05098572399728596
1,1,1,1,1,0,1,1
w0.05098572399725754
0,1,1,1,1,0,1,1
w0.01871244051665144
0,1,1,1,1,1,0,1
w0.03227328348063452
1,1,1,1,1,1,0,1
w0.05098572399728596
1,1,1,0,1,1,0,1
w0.05098572399728596
1,1,1,1,1,1,0,1
w0.05098572399725754
0,1,1,1,1,1,0,1
w0.01871244051665144
0,1,1,1,1,1,1,0
w0.03227328348063452
1,1,1,1,1,1,1,0
w0.05098572399728596
1,0,1,1,1,1,1,0
w0.05098572399728596
1,1,1,1,1,1,1,0
w0.05098572399728596
1,1,0,1,1,1,1,0
w0.01871244051662302
1,1,0,1,0,1,1,1
w0.03227328348066294
1,1,1,1,0,1,1,1
w0.05098572399725754
1,1,1,0,0,1,1,1
w0.05098572399728596
1,1,1,1,0,1,1,1
w0.05098572399728596
1,1,0,1,0,1,1,1
w0.01871244051662302
1,1,0,1,1,0,1,1
w0.03227328348066294
1,1,1,1,1,0,1,1
w0.05098572399728596
1,0,1,1,1,0,1,1
w0.05098572399728596
1,1,1,1,1,0,1,1
w0.05098572399725754
0,1,1,1,1,0,1,1
w0.01871244051665144
0,1,1,1,1,1,0,1
w0.03227328348063452
1,1,1,1,1,1,0,1
w0.05098572399728596
1,1,1,0,1,1,0,1
w0.05098572399728596
1,1,1,1,1,1,0,1
w0.05098572399728596
0,1,1,1,1,1,0,1
w0.01871244051662302
0,1,1,1,1,1,1,0
w0.03227328348066294
1,1,1,1,1,1,1,0
w0.05098572399725754
1,0,1,1,1,1,1,0
w0.05098572399728596
1,1,1,1,1,1,1,0
w0.05098572399728596
1,1,0,1,1,1,1,0
w0.01871244051662302
1,1,0,1,0,1,1,1
w0.03227328348066294
1,1,1,1,0,1,1,1
w0.05098572399725754
1,1,1,0,0,1,1,1
w0.05098572399728596
1,1,1,1,0,1,1,1
w0.05098572399728596
1,1,0,1,0,1,1,1
w0.01871244051665144
1,1,0,1,1,0,1,1
w0.03227328348063452
1,1,1,1,1,0,1,1
w0.05098572399728596
1,0,1,1,1,0,1,1
w0.05098572399728596
1,1,1,1,1,0,1,1
w0.05098572399725754
0,1,1,1,1,0,1,1
w0.01871244051665144
0,1,1,1,1,1,0,1
w0.03227328348063452
1,1,1,1,1,1,0,1
w0.05098572399728596
1,1,1,0,1,1,0,1
w0.05098572399728596
1,1,1,1,1,1,0,1
w0.05098572399728596
0,1,1,1,1,1,0,1
w0.01871244051662302
0,1,1,1,1,1,1,0
w0.03227328348066294
1,1,1,1,1,1,1,0
w0.05098572399725754
1,0,1,1,1,1,1,0
a165.23
sDual Sword! Yeah these are shitty names!
sUnlimited Descending!
1,0,1,0,1,0,1,0
w0.016474507138013905
1,1,1,0,1,0,1,0
w0.034511216859272054
1,1,1,0,1,1,1,1
w0.016474507138013905
1,1,0,0,1,1,1,1
w0.01871244051662302
1,1,0,0,1,1,1,1
w0.015798776342649035
1,1,0,1,1,1,1,1
w0.016474507138013905
1,1,0,1,1,1,1,1
w0.08549694085652959
1,0,1,1,1,0,0,1
w0.05098572399728596
1,0,1,1,1,1,1,1
w0.05098572399728596
0,1,1,1,1,1,1,1
w0.10197144799457192
1,1,0,1,1,1,0,0
w0.05098572399728596
1,1,0,1,1,1,1,1
w0.05098572399725754
1,0,1,1,1,1,1,1
w0.10197144799457192
0,1,1,1,1,0,0,1
w0.05098572399728596
0,1,1,1,1,1,1,1
w0.05098572399725754
1,1,1,0,1,1,1,1
w0.10197144799457192
1,0,1,1,1,0,1,0
w0.05098572399728596
1,0,1,1,1,1,1,1
w0.05098572399728596
0,1,1,1,1,1,1,1
w0.1019714479945435
1,1,1,0,1,0,0,1
w0.05098572399728596
1,1,1,0,1,1,1,1
w0.05098572399728596
1,1,0,1,1,1,1,1
w0.10197144799457192
0,1,1,1,1,1,0,0
w0.05098572399728596
0,1,1,1,1,1,1,1
w0.05098572399725754
1,1,1,0,1,1,1,1
w0.10197144799457192
1,1,0,1,0,1,0,1
w0.05098572399728596
1,1,0,1,1,1,1,1
w0.05098572399728596
1,0,1,1,1,1,1,1
w0.1019714479945435
1,1,1,0,1,0,1,0
w0.05098572399728596
1,1,1,0,1,1,1,1
w0.05098572399728596
1,1,0,1,1,1,1,1
w0.1019714479945435
1,0,1,1,1,0,0,1
w0.05098572399728596
1,0,1,1,1,1,1,1
w0.05098572399728596
0,1,1,1,1,1,1,1
w0.10197144799457192
1,1,0,1,1,1,0,0
w0.05098572399728596
1,1,0,1,1,1,1,1
w0.05098572399725754
1,0,1,1,1,1,1,1
w0.10197144799457192
0,1,1,1,1,0,0,1
w0.05098572399728596
0,1,1,1,1,1,1,1
w0.05098572399728596
1,1,1,0,1,1,1,1
w0.1019714479945435
1,0,1,1,1,0,1,0
w0.05098572399728596
1,0,1,1,1,1,1,1
w0.05098572399728596
0,1,1,1,1,1,1,1
w0.10197144799457192
1,1,1,0,1,0,0,1
w0.05098572399728596
1,1,1,0,1,1,1,1
w0.05098572399725754
1,1,0,1,1,1,1,1
w0.10197144799457192
0,1,1,1,1,1,0,0
w0.05098572399728596
0,1,1,1,1,1,1,1
w0.05098572399725754
1,1,1,0,1,1,1,1
w0.10197144799457192
1,1,0,1,0,1,0,1
w0.05098572399728596
1,1,0,1,1,1,1,1
w0.05098572399728596
1,0,1,1,1,1,1,1
w0.1019714479945435
1,1,1,0,1,0,1,0
w0.05098572399728596
1,1,1,0,1,1,1,1
w0.05098572399728596
1,1,0,1,1,1,1,1
w0.10197144799457192
1,0,1,1,1,0,0,1
w0.05098572399728596
1,0,1,1,1,1,1,1
w0.05098572399725754
0,1,1,1,1,1,1,1
w0.10197144799457192
1,1,0,1,1,1,0,0
w0.05098572399728596
1,1,0,1,1,1,1,1
w0.05098572399725754
1,0,1,1,1,1,1,1
w0.10197144799457192
0,1,1,1,1,0,0,1
w0.05098572399728596
0,1,1,1,1,1,1,1
w0.05098572399728596
1,1,1,0,1,1,1,1
w0.1019714479945435
1,0,1,1,1,0,1,0
w0.05098572399728596
1,0,1,1,1,1,1,1
w0.05098572399728596
0,1,1,1,1,1,1,1
w0.10197144799457192
1,1,1,0,1,0,0,1
w0.05098572399728596
1,1,1,0,1,1,1,1
w0.05098572399725754
1,1,0,1,1,1,1,1
w0.10197144799457192
0,1,1,1,1,1,0,0
w0.05098572399728596
0,1,1,1,1,1,1,1
w0.05098572399728596
1,1,1,0,1,1,1,1
w0.1019714479945435
1,1,0,1,0,1,0,1
w0.05098572399728596
1,1,0,1,1,1,1,1
w0.05098572399728596
1,0,1,1,1,1,1,1
w0.1019714479945435
1,1,1,0,1,0,1,0
w0.05098572399728596
1,1,1,0,1,1,1,1
w0.05098572399728596
1,1,0,1,1,1,1,1
w0.10197144799457192
1,0,1,1,1,0,0,1
w0.05098572399728596
1,0,1,1,1,1,1,1
w0.05098572399725754
0,1,1,1,1,1,1,1
w0.10197144799457192
1,1,0,1,1,1,0,0
w0.05098572399728596
1,1,0,1,1,1,1,1
w0.05098572399728596
1,0,1,1,1,1,1,1
w0.1019714479945435
0,1,1,1,1,0,0,1
w0.05098572399728596
0,1,1,1,1,1,1,1
w0.05098572399728596
1,1,1,0,1,1,1,1
w0.10197144799457192
1,0,1,1,1,0,1,0
w0.05098572399728596
1,0,1,1,1,1,1,1
w0.05098572399725754
0,1,1,1,1,1,1,1
w0.10197144799457192
1,1,1,0,1,0,0,1
w0.05098572399728596
1,1,1,0,1,1,1,1
w0.05098572399725754
1,1,0,1,1,1,1,1
w0.10197144799457192
0,1,1,1,1,1,0,0
w0.05098572399728596
0,1,1,1,1,1,1,1
w0.05098572399728596
1,1,1,0,1,1,1,1
w0.1019714479945435
1,1,0,1,0,1,0,1
w0.05098572399728596
1,1,0,1,1,1,1,1
w0.05098572399728596
1,0,1,1,1,1,1,1
a171.75
sFinale Descent
sFlash
0,0,0,0,1,1,1,0
w0.10384934921074773
0,0,0,0,1,1,0,1
w0.10009354677836768
1,1,1,1,1,0,1,1
w0.10760515164312778
1,1,1,1,0,1,1,1
w0.10384934921074773
1,1,1,1,1,1,1,0
w0.10384934921074773
1,1,1,1,1,1,0,1
w0.10384934921071931
1,1,1,1,1,0,1,1
w0.10384934921074773
1,1,1,1,0,1,1,1
a172.54
sFinale Descent
sFlash
0,0,0,0,0,1,1,0
w0.040794793685961395
0,0,0,0,1,1,1,0
w0.06305455552478634
0,0,0,0,1,1,0,1
w0.10009354677836768
1,1,1,1,1,0,1,1
w0.10760515164312778
1,1,1,1,0,1,1,1
w0.10384934921074773
1,1,1,1,1,1,1,0
w0.10384934921074773
1,1,1,1,1,1,0,1
w0.10384934921071931
1,1,1,1,1,0,1,1
w0.10384934921074773
1,1,1,1,0,1,1,1
a173.337
sFinale Descent
sFlash
0,0,0,0,0,1,1,0
w0.03379479368595639
0,0,0,0,1,1,1,0
w0.07005455552479134
0,0,0,0,1,1,0,1
w0.10009354677836768
1,1,1,1,1,0,1,1
w0.10760515164312778
1,1,1,1,0,1,1,1
w0.10384934921074773
1,1,1,1,1,1,1,0
w0.10384934921074773
1,1,1,1,1,1,0,1
w0.10384934921071931
1,1,1,1,1,0,1,1
w0.10384934921074773
1,1,1,1,0,1,1,1
a174.134
sFinale Descent
sFlash
0,0,0,0,0,1,1,0
w0.03379479368595639
0,0,0,0,1,1,1,0
w0.07005455552479134
0,0,0,0,1,1,0,1
w0.10009354677836768
1,1,1,1,1,0,1,1
w0.10760515164312778
1,1,1,1,0,1,1,1
w0.10384934921074773
1,1,1,1,1,1,1,0
w0.10384934921074773
1,1,1,1,1,1,0,1
w0.10384934921071931
1,1,1,1,1,0,1,1
w0.10384934921074773
1,1,1,1,0,1,1,1
a174.96479479368594
sFinale Descent
sFlash
0,0,0,0,1,1,1,0
w0.10505455552481635
0,0,0,0,1,1,0,1
w0.10009354677836768
1,1,1,1,1,0,1,1
w0.10760515164312778
1,1,1,1,0,1,1,1
w0.10384934921074773
1,1,1,1,1,1,1,0
w0.10384934921074773
1,1,1,1,1,1,0,1
w0.10384934921071931
1,1,1,1,1,0,1,1
w0.10384934921074773
1,1,1,1,0,1,1,1
a175.78
sFinale Descent
sFlash
0,0,0,0,0,1,1,0
w0.016794793685960485
0,0,0,0,1,1,1,0
w0.08705455552478725
0,0,0,0,1,1,0,1
w0.10009354677836768
1,1,1,1,1,0,1,1
w0.10760515164312778
1,1,1,1,0,1,1,1
w0.10384934921074773
1,1,1,1,1,1,1,0
w0.10384934921074773
1,1,1,1,1,1,0,1
w0.10384934921071931
1,1,1,1,1,0,1,1
w0.10384934921074773
1,1,1,1,0,1,1,1
a176.588
sFinale Descent
sFlash
0,0,0,0,0,1,1,0
w0.022794793685960713
0,0,0,0,1,1,1,0
w0.08105455552478702
0,0,0,0,1,1,0,1
w0.10009354677836768
1,1,1,1,1,0,1,1
w0.10760515164312778
1,1,1,1,0,1,1,1
w0.10384934921074773
1,1,1,1,1,1,1,0
w0.10384934921074773
1,1,1,1,1,1,0,1
w0.10384934921071931
1,1,1,1,1,0,1,1
w0.10384934921074773
1,1,1,1,0,1,1,1
a177.4
sFinale Descent
sFlash
0,0,0,0,0,1,1,0
w0.018794793685941613
0,0,0,0,1,1,1,0
w0.08505455552480612
0,0,0,0,1,1,0,1
w0.10009354677836768
1,1,1,1,1,0,1,1
w0.10760515164312778
1,1,1,1,0,1,1,1
w0.10384934921074773
1,1,1,1,1,1,1,0
w0.10384934921074773
1,1,1,1,1,1,0,1
w0.10384934921071931
1,1,1,1,1,0,1,1
w0.10384934921074773
1,1,1,1,0,1,1,1
a178.227
sHold it!
1,1,1,1,0,0,0,0
w2.9000000000000057
1,1,1,1,0,0,0,1
w0.04999999999998295
1,1,1,1,0,0,1,1
w0.05000000000001137
1,1,1,1,0,1,1,1
w0.05000000000001137
1,1,1,1,1,1,1,1
a181.42
sThing
0,0,0,0,0,1,1,1
w0.09000000000000341
0,0,0,0,1,0,1,1
w0.09000000000000341
0,0,0,0,1,1,0,1
w0.09000000000000341
0,0,0,0,1,1,1,0
w0.09000000000000341
1,1,1,1,1,1,1,1
